-1.56992474576e-16
-1.83264271271e-32
1.0
1.22460635382e-16
-1.0
8.96761130355e-34
1.0
1.22460635382e-16
1.57046684685e-16
-0.147918998664
-0.000106498599052
0.0283829998225
1.57046684685e-16
0.0
1.0
0.0
1.0
0.0
-1.0
0.0
1.57046684685e-16
-0.147918998664
-0.000106498599052
0.0283829998225
1.57046684685e-16
0.0
1.0
0.0
1.0
0.0
-1.0
0.0
1.57046684685e-16
-0.159918497985
-0.000106498599052
0.0283829998225
-1.56992474576e-16
-1.83264271271e-32
1.0
1.22460635382e-16
-1.0
8.96761130355e-34
1.0
1.22460635382e-16
1.57046684685e-16
-0.159918497985
-0.000106498599052
0.0283829998225
-1.56992474576e-16
-1.83264271271e-32
-1.0
1.22460635382e-16
-1.0
-8.96761130355e-34
-1.0
-1.22460635382e-16
1.57046684685e-16
0.165237996196
-0.000106498599052
0.0283829998225
1.57046684685e-16
-0
-1.0
0.0
1.0
-0
1.0
0.0
1.57046684685e-16
0.165237996196
-0.000106498599052
0.0283829998225
1.57046684685e-16
-0
-1.0
0.0
1.0
-0
1.0
0.0
1.57046684685e-16
0.177237495517
-0.000106498599052
0.0283829998225
-1.56992474576e-16
-1.83264271271e-32
-1.0
1.22460635382e-16
-1.0
-8.96761130355e-34
-1.0
-1.22460635382e-16
1.57046684685e-16
0.177237495517
-0.000106498599052
0.0283829998225
1.57046684685e-16
0.0
1.0
0.0
1.0
0.0
-1.0
0.0
1.57046684685e-16
-0.200740499159
-0.000106498599052
0.0283829998225
-1.56992474576e-16
-1.83264271271e-32
1.0
1.22460635382e-16
-1.0
8.96761130355e-34
1.0
1.22460635382e-16
1.57046684685e-16
-0.200740499159
-0.000106498599052
0.0283829998225
-1.56992474576e-16
-1.83264271271e-32
1.0
1.22460635382e-16
-1.0
8.96761130355e-34
1.0
1.22460635382e-16
1.57046684685e-16
-0.147918998664
0.0498935014009
0.0283829998225
1.57046684685e-16
0.0
1.0
0.0
1.0
0.0
-1.0
0.0
1.57046684685e-16
-0.147918998664
0.0498935014009
0.0283829998225
-2.22044604925e-16
1.0
0.0
-2.22044604925e-16
0.0
-1.0
-1.0
-2.22044604925e-16
2.22044604925e-16
0.00865949876606
0.197294000005
0.0283829998225
-2.22044604925e-16
1.0
0.0
-2.22044604925e-16
0.0
-1.0
-1.0
-2.22044604925e-16
2.22044604925e-16
-0.0105190007389
0.197294000005
0.0283829998225
-5.55111512313e-16
-1.0
-1.11022302463e-16
1.11022302463e-16
1.11022302463e-16
-1.0
1.0
-5.55111512313e-16
1.11022302463e-16
0.00865949876606
0.197294000005
0.0283829998225
-5.55111512313e-16
-1.0
1.11022302463e-16
1.11022302463e-16
1.11022302463e-16
1.0
-1.0
5.55111512313e-16
1.11022302463e-16
0.00865949876606
-0.197506997203
0.0283829998225
-2.22044604925e-16
1.0
0.0
-2.22044604925e-16
0.0
1.0
1.0
2.22044604925e-16
2.22044604925e-16
0.00865949876606
-0.197506997203
0.0283829998225
-5.55111512313e-16
-1.0
1.11022302463e-16
1.11022302463e-16
1.11022302463e-16
1.0
-1.0
5.55111512313e-16
1.11022302463e-16
-0.0105190007389
-0.197506997203
0.0283829998225
-5.55111512313e-16
-1.0
-1.11022302463e-16
1.11022302463e-16
1.11022302463e-16
-1.0
1.0
-5.55111512313e-16
1.11022302463e-16
-0.0105190007389
0.197294000005
0.0283829998225
-2.22044604925e-16
1.0
0.0
-2.22044604925e-16
0.0
1.0
1.0
2.22044604925e-16
2.22044604925e-16
-0.0105190007389
-0.197506997203
0.0283829998225
-1.56992474576e-16
-1.83264271271e-32
1.0
1.22460635382e-16
-1.0
8.96761130355e-34
1.0
1.22460635382e-16
1.57046684685e-16
-0.159918497985
0.0498935014009
0.0283829998225
1.57046684685e-16
0.0
1.0
0.0
1.0
0.0
-1.0
0.0
1.57046684685e-16
-0.159918497985
0.0498935014009
0.0283829998225
-1.56992474576e-16
-1.83264271271e-32
-1.0
1.22460635382e-16
-1.0
-8.96761130355e-34
-1.0
-1.22460635382e-16
1.57046684685e-16
0.165237996196
0.0498935014009
0.0283829998225
1.57046684685e-16
-0
-1.0
0.0
1.0
-0
1.0
0.0
1.57046684685e-16
0.165237996196
0.0498935014009
0.0283829998225
-2.22044604925e-16
1.0
0.0
-2.22044604925e-16
0.0
-1.0
-1.0
-2.22044604925e-16
2.22044604925e-16
-0.02669601731
0.197294000005
0.0283829998225
-5.55111512313e-16
-1.0
-1.11022302463e-16
1.11022302463e-16
1.11022302463e-16
-1.0
1.0
-5.55111512313e-16
1.11022302463e-16
-0.02669601731
0.197294000005
0.0283829998225
-5.55111512313e-16
-1.0
1.11022302463e-16
1.11022302463e-16
1.11022302463e-16
1.0
-1.0
5.55111512313e-16
1.11022302463e-16
-0.02669601731
-0.197506997203
0.0283829998225
-2.22044604925e-16
1.0
0.0
-2.22044604925e-16
0.0
1.0
1.0
2.22044604925e-16
2.22044604925e-16
-0.02669601731
-0.197506997203
0.0283829998225
-1.56992474576e-16
-1.83264271271e-32
-1.0
1.22460635382e-16
-1.0
-8.96761130355e-34
-1.0
-1.22460635382e-16
1.57046684685e-16
0.177237495517
0.0498935014009
0.0283829998225
1.57046684685e-16
-0
-1.0
0.0
1.0
-0
1.0
0.0
1.57046684685e-16
0.177237495517
0.0498935014009
0.0283829998225
1.57046684685e-16
0.0
1.0
0.0
1.0
0.0
-1.0
0.0
1.57046684685e-16
-0.147918998664
-0.0601069992781
0.0283829998225
-1.56992474576e-16
-1.83264271271e-32
1.0
1.22460635382e-16
-1.0
8.96761130355e-34
1.0
1.22460635382e-16
1.57046684685e-16
-0.147918998664
-0.0601069992781
0.0283829998225
1.57046684685e-16
0.0
1.0
0.0
1.0
0.0
-1.0
0.0
1.57046684685e-16
-0.159918497985
-0.0601069992781
0.0283829998225
-1.56992474576e-16
-1.83264271271e-32
1.0
1.22460635382e-16
-1.0
8.96761130355e-34
1.0
1.22460635382e-16
1.57046684685e-16
-0.159918497985
-0.0601069992781
0.0283829998225
-2.22044604925e-16
1.0
0.0
-2.22044604925e-16
0.0
-1.0
-1.0
-2.22044604925e-16
2.22044604925e-16
0.00865949876606
0.209293499326
0.0283829998225
-5.55111512313e-16
-1.0
1.11022302463e-16
1.11022302463e-16
1.11022302463e-16
1.0
-1.0
5.55111512313e-16
1.11022302463e-16
0.00865949876606
-0.209506496524
0.0283829998225
-2.22044604925e-16
1.0
0.0
-2.22044604925e-16
0.0
-1.0
-1.0
-2.22044604925e-16
2.22044604925e-16
-0.0105190007389
0.209293499326
0.0283829998225
-5.55111512313e-16
-1.0
-1.11022302463e-16
1.11022302463e-16
1.11022302463e-16
-1.0
1.0
-5.55111512313e-16
1.11022302463e-16
0.00865949876606
0.209293499326
0.0283829998225
-5.55111512313e-16
-1.0
1.11022302463e-16
1.11022302463e-16
1.11022302463e-16
1.0
-1.0
5.55111512313e-16
1.11022302463e-16
-0.0105190007389
-0.209506496524
0.0283829998225
-2.22044604925e-16
1.0
0.0
-2.22044604925e-16
0.0
1.0
1.0
2.22044604925e-16
2.22044604925e-16
0.00865949876606
-0.209506496524
0.0283829998225
-5.55111512313e-16
-1.0
-1.11022302463e-16
1.11022302463e-16
1.11022302463e-16
-1.0
1.0
-5.55111512313e-16
1.11022302463e-16
-0.0105190007389
0.209293499326
0.0283829998225
1.57046684685e-16
-0
-1.0
0.0
1.0
-0
1.0
0.0
1.57046684685e-16
0.165237996196
-0.0601069992781
0.0283829998225
-2.22044604925e-16
1.0
0.0
-2.22044604925e-16
0.0
1.0
1.0
2.22044604925e-16
2.22044604925e-16
-0.0105190007389
-0.209506496524
0.0283829998225
-1.56992474576e-16
-1.83264271271e-32
-1.0
1.22460635382e-16
-1.0
-8.96761130355e-34
-1.0
-1.22460635382e-16
1.57046684685e-16
0.165237996196
-0.0601069992781
0.0283829998225
-5.55111512313e-16
-1.0
1.11022302463e-16
1.11022302463e-16
1.11022302463e-16
1.0
-1.0
5.55111512313e-16
1.11022302463e-16
0.0440150148422
-0.197506997203
0.0283829998225
-2.22044604925e-16
1.0
0.0
-2.22044604925e-16
0.0
-1.0
-1.0
-2.22044604925e-16
2.22044604925e-16
0.0440150148422
0.197294000005
0.0283829998225
-1.56992474576e-16
-1.83264271271e-32
-1.0
1.22460635382e-16
-1.0
-8.96761130355e-34
-1.0
-1.22460635382e-16
1.57046684685e-16
0.218059496691
-0.000106498599052
0.0283829998225
-5.55111512313e-16
-1.0
-1.11022302463e-16
1.11022302463e-16
1.11022302463e-16
-1.0
1.0
-5.55111512313e-16
1.11022302463e-16
0.0440150148422
0.197294000005
0.0283829998225
1.57046684685e-16
-0
-1.0
0.0
1.0
-0
1.0
0.0
1.57046684685e-16
0.218059496691
-0.000106498599052
0.0283829998225
-2.22044604925e-16
1.0
0.0
-2.22044604925e-16
0.0
1.0
1.0
2.22044604925e-16
2.22044604925e-16
0.0440150148422
-0.197506997203
0.0283829998225
-2.22044604925e-16
1.0
0.0
-2.22044604925e-16
0.0
-1.0
-1.0
-2.22044604925e-16
2.22044604925e-16
-0.02669601731
0.209293499326
0.0283829998225
1.57046684685e-16
-0
-1.0
0.0
1.0
-0
1.0
0.0
1.57046684685e-16
0.177237495517
-0.0601069992781
0.0283829998225
-1.56992474576e-16
-1.83264271271e-32
-1.0
1.22460635382e-16
-1.0
-8.96761130355e-34
-1.0
-1.22460635382e-16
1.57046684685e-16
0.177237495517
-0.0601069992781
0.0283829998225
-5.55111512313e-16
-1.0
-1.11022302463e-16
1.11022302463e-16
1.11022302463e-16
-1.0
1.0
-5.55111512313e-16
1.11022302463e-16
-0.02669601731
0.209293499326
0.0283829998225
-5.55111512313e-16
-1.0
1.11022302463e-16
1.11022302463e-16
1.11022302463e-16
1.0
-1.0
5.55111512313e-16
1.11022302463e-16
-0.02669601731
-0.209506496524
0.0283829998225
-2.22044604925e-16
1.0
0.0
-2.22044604925e-16
0.0
1.0
1.0
2.22044604925e-16
2.22044604925e-16
-0.02669601731
-0.209506496524
0.0283829998225
-1.56992474576e-16
-1.83264271271e-32
1.0
1.22460635382e-16
-1.0
8.96761130355e-34
1.0
1.22460635382e-16
1.57046684685e-16
-0.200740499159
0.0498935014009
0.0283829998225
1.57046684685e-16
0.0
1.0
0.0
1.0
0.0
-1.0
0.0
1.57046684685e-16
-0.200740499159
0.0498935014009
0.0283829998225
-5.55111512313e-16
-1.0
1.11022302463e-16
1.11022302463e-16
1.11022302463e-16
1.0
-1.0
5.55111512313e-16
1.11022302463e-16
0.0586594987661
-0.197506997203
0.0283829998225
-5.55111512313e-16
-1.0
-1.11022302463e-16
1.11022302463e-16
1.11022302463e-16
-1.0
1.0
-5.55111512313e-16
1.11022302463e-16
0.0586594987661
0.197294000005
0.0283829998225
-2.22044604925e-16
1.0
0.0
-2.22044604925e-16
0.0
-1.0
-1.0
-2.22044604925e-16
2.22044604925e-16
0.0440150148422
0.209293499326
0.0283829998225
-5.55111512313e-16
-1.0
1.11022302463e-16
1.11022302463e-16
1.11022302463e-16
1.0
-1.0
5.55111512313e-16
1.11022302463e-16
0.0440150148422
-0.209506496524
0.0283829998225
-2.22044604925e-16
1.0
0.0
-2.22044604925e-16
0.0
-1.0
-1.0
-2.22044604925e-16
2.22044604925e-16
0.0586594987661
0.197294000005
0.0283829998225
-5.55111512313e-16
-1.0
-1.11022302463e-16
1.11022302463e-16
1.11022302463e-16
-1.0
1.0
-5.55111512313e-16
1.11022302463e-16
0.0440150148422
0.209293499326
0.0283829998225
-2.22044604925e-16
1.0
0.0
-2.22044604925e-16
0.0
1.0
1.0
2.22044604925e-16
2.22044604925e-16
0.0440150148422
-0.209506496524
0.0283829998225
-2.22044604925e-16
1.0
0.0
-2.22044604925e-16
0.0
1.0
1.0
2.22044604925e-16
2.22044604925e-16
0.0586594987661
-0.197506997203
0.0283829998225
1.57046684685e-16
0.0
1.0
0.0
1.0
0.0
-1.0
0.0
1.57046684685e-16
-0.200740499159
-0.0601069992781
0.0283829998225
-1.56992474576e-16
-1.83264271271e-32
1.0
1.22460635382e-16
-1.0
8.96761130355e-34
1.0
1.22460635382e-16
1.57046684685e-16
-0.200740499159
-0.0601069992781
0.0283829998225
1.57046684685e-16
-0
-1.0
0.0
1.0
-0
1.0
0.0
1.57046684685e-16
0.218059496691
0.0498935014009
0.0283829998225
-1.56992474576e-16
-1.83264271271e-32
-1.0
1.22460635382e-16
-1.0
-8.96761130355e-34
-1.0
-1.22460635382e-16
1.57046684685e-16
0.218059496691
0.0498935014009
0.0283829998225
-2.22044604925e-16
1.0
0.0
-2.22044604925e-16
0.0
-1.0
-1.0
-2.22044604925e-16
2.22044604925e-16
0.0586594987661
0.209293499326
0.0283829998225
-5.55111512313e-16
-1.0
1.11022302463e-16
1.11022302463e-16
1.11022302463e-16
1.0
-1.0
5.55111512313e-16
1.11022302463e-16
0.0586594987661
-0.209506496524
0.0283829998225
-5.55111512313e-16
-1.0
-1.11022302463e-16
1.11022302463e-16
1.11022302463e-16
-1.0
1.0
-5.55111512313e-16
1.11022302463e-16
0.0586594987661
0.209293499326
0.0283829998225
-2.22044604925e-16
1.0
0.0
-2.22044604925e-16
0.0
1.0
1.0
2.22044604925e-16
2.22044604925e-16
0.0586594987661
-0.209506496524
0.0283829998225
1.57046684685e-16
-0
-1.0
0.0
1.0
-0
1.0
0.0
1.57046684685e-16
0.218059496691
-0.0601069992781
0.0283829998225
-1.56992474576e-16
-1.83264271271e-32
-1.0
1.22460635382e-16
-1.0
-8.96761130355e-34
-1.0
-1.22460635382e-16
1.57046684685e-16
0.218059496691
-0.0601069992781
0.0283829998225
1.57046684685e-16
0.0
1.0
0.0
1.0
0.0
-1.0
0.0
1.57046684685e-16
-0.147918998664
0.0998935014009
0.0283829998225
-1.56992474576e-16
-1.83264271271e-32
1.0
1.22460635382e-16
-1.0
8.96761130355e-34
1.0
1.22460635382e-16
1.57046684685e-16
-0.147918998664
0.0998935014009
0.0283829998225
1.57046684685e-16
0.0
1.0
0.0
1.0
0.0
-1.0
0.0
1.57046684685e-16
-0.159918497985
0.0998935014009
0.0283829998225
-1.56992474576e-16
-1.83264271271e-32
1.0
1.22460635382e-16
-1.0
8.96761130355e-34
1.0
1.22460635382e-16
1.57046684685e-16
-0.159918497985
0.0998935014009
0.0283829998225
1.57046684685e-16
-0
-1.0
0.0
1.0
-0
1.0
0.0
1.57046684685e-16
0.165237996196
0.0998935014009
0.0283829998225
-1.56992474576e-16
-1.83264271271e-32
-1.0
1.22460635382e-16
-1.0
-8.96761130355e-34
-1.0
-1.22460635382e-16
1.57046684685e-16
0.165237996196
0.0998935014009
0.0283829998225
1.57046684685e-16
-0
-1.0
0.0
1.0
-0
1.0
0.0
1.57046684685e-16
0.177237495517
0.0998935014009
0.0283829998225
-1.56992474576e-16
-1.83264271271e-32
-1.0
1.22460635382e-16
-1.0
-8.96761130355e-34
-1.0
-1.22460635382e-16
1.57046684685e-16
0.177237495517
0.0998935014009
0.0283829998225
-2.22044604925e-16
1.0
0.0
-2.22044604925e-16
0.0
-1.0
-1.0
-2.22044604925e-16
2.22044604925e-16
0.00865949876606
0.2501155005
0.0283829998225
-5.55111512313e-16
-1.0
-1.11022302463e-16
1.11022302463e-16
1.11022302463e-16
-1.0
1.0
-5.55111512313e-16
1.11022302463e-16
0.00865949876606
0.2501155005
0.0283829998225
-2.22044604925e-16
1.0
0.0
-2.22044604925e-16
0.0
-1.0
-1.0
-2.22044604925e-16
2.22044604925e-16
-0.0105190007389
0.2501155005
0.0283829998225
-5.55111512313e-16
-1.0
1.11022302463e-16
1.11022302463e-16
1.11022302463e-16
1.0
-1.0
5.55111512313e-16
1.11022302463e-16
0.00865949876606
-0.250328497698
0.0283829998225
-5.55111512313e-16
-1.0
-1.11022302463e-16
1.11022302463e-16
1.11022302463e-16
-1.0
1.0
-5.55111512313e-16
1.11022302463e-16
-0.0105190007389
0.2501155005
0.0283829998225
-2.22044604925e-16
1.0
0.0
-2.22044604925e-16
0.0
1.0
1.0
2.22044604925e-16
2.22044604925e-16
0.00865949876606
-0.250328497698
0.0283829998225
-5.55111512313e-16
-1.0
1.11022302463e-16
1.11022302463e-16
1.11022302463e-16
1.0
-1.0
5.55111512313e-16
1.11022302463e-16
-0.0105190007389
-0.250328497698
0.0283829998225
-2.22044604925e-16
1.0
0.0
-2.22044604925e-16
0.0
1.0
1.0
2.22044604925e-16
2.22044604925e-16
-0.0105190007389
-0.250328497698
0.0283829998225
-2.22044604925e-16
1.0
0.0
-2.22044604925e-16
0.0
-1.0
-1.0
-2.22044604925e-16
2.22044604925e-16
-0.02669601731
0.2501155005
0.0283829998225
-5.55111512313e-16
-1.0
-1.11022302463e-16
1.11022302463e-16
1.11022302463e-16
-1.0
1.0
-5.55111512313e-16
1.11022302463e-16
-0.02669601731
0.2501155005
0.0283829998225
-5.55111512313e-16
-1.0
1.11022302463e-16
1.11022302463e-16
1.11022302463e-16
1.0
-1.0
5.55111512313e-16
1.11022302463e-16
-0.02669601731
-0.250328497698
0.0283829998225
-2.22044604925e-16
1.0
0.0
-2.22044604925e-16
0.0
1.0
1.0
2.22044604925e-16
2.22044604925e-16
-0.02669601731
-0.250328497698
0.0283829998225
1.57046684685e-16
0.0
1.0
0.0
1.0
0.0
-1.0
0.0
1.57046684685e-16
-0.200740499159
0.0998935014009
0.0283829998225
-1.56992474576e-16
-1.83264271271e-32
1.0
1.22460635382e-16
-1.0
8.96761130355e-34
1.0
1.22460635382e-16
1.57046684685e-16
-0.200740499159
0.0998935014009
0.0283829998225
-5.55111512313e-16
-1.0
-1.11022302463e-16
1.11022302463e-16
1.11022302463e-16
-1.0
1.0
-5.55111512313e-16
1.11022302463e-16
0.0440150148422
0.2501155005
0.0283829998225
-2.22044604925e-16
1.0
0.0
-2.22044604925e-16
0.0
-1.0
-1.0
-2.22044604925e-16
2.22044604925e-16
0.0440150148422
0.2501155005
0.0283829998225
-2.22044604925e-16
1.0
0.0
-2.22044604925e-16
0.0
1.0
1.0
2.22044604925e-16
2.22044604925e-16
0.0440150148422
-0.250328497698
0.0283829998225
-5.55111512313e-16
-1.0
1.11022302463e-16
1.11022302463e-16
1.11022302463e-16
1.0
-1.0
5.55111512313e-16
1.11022302463e-16
0.0440150148422
-0.250328497698
0.0283829998225
-2.22044604925e-16
1.0
0.0
-2.22044604925e-16
0.0
-1.0
-1.0
-2.22044604925e-16
2.22044604925e-16
0.0586594987661
0.2501155005
0.0283829998225
-5.55111512313e-16
-1.0
-1.11022302463e-16
1.11022302463e-16
1.11022302463e-16
-1.0
1.0
-5.55111512313e-16
1.11022302463e-16
0.0586594987661
0.2501155005
0.0283829998225
-5.55111512313e-16
-1.0
1.11022302463e-16
1.11022302463e-16
1.11022302463e-16
1.0
-1.0
5.55111512313e-16
1.11022302463e-16
0.0586594987661
-0.250328497698
0.0283829998225
-2.22044604925e-16
1.0
0.0
-2.22044604925e-16
0.0
1.0
1.0
2.22044604925e-16
2.22044604925e-16
0.0586594987661
-0.250328497698
0.0283829998225
-1.56992474576e-16
-1.83264271271e-32
-1.0
1.22460635382e-16
-1.0
-8.96761130355e-34
-1.0
-1.22460635382e-16
1.57046684685e-16
0.218059496691
0.0998935014009
0.0283829998225
1.57046684685e-16
-0
-1.0
0.0
1.0
-0
1.0
0.0
1.57046684685e-16
0.218059496691
0.0998935014009
0.0283829998225
