-4.70977423728e-16
-1.0
0.0
1.0
-4.70977423728e-16
0.0
0.0
0.0
1.0
-0.008
0.0
-0.180599999615
-1.56992474576e-16
1.0
0.0
-1.0
-1.56992474576e-16
0.0
0.0
0.0
1.0
-0.008
0.0
-0.180599999615
-1.56992474576e-16
1.0
0.0
-1.0
-1.56992474576e-16
0.0
0.0
0.0
1.0
0.01
0.0
-0.180599999615
-4.70977423728e-16
-1.0
0.0
1.0
-4.70977423728e-16
0.0
0.0
0.0
1.0
0.01
0.0
-0.180599999615
1.0
0.0
0.0
0.0
1.0
0.0
0.0
0.0
1.0
0.01
0.0
-0.169399997925
-1.0
-1.22460635382e-16
0.0
1.22460635382e-16
-1.0
0.0
0.0
0.0
1.0
0.01
0.0
-0.169399997925
-1.0
-1.22460635382e-16
-1.36845553157e-48
-1.22460635382e-16
1.0
-1.22460635382e-16
1.49966072182e-32
-1.22460635382e-16
-1.0
0.01
2.04509261088e-17
0.223999997925
-1.0
-1.22460635382e-16
0.0
1.22460635382e-16
-1.0
0.0
0.0
0.0
1.0
0.01
-0.01
-0.169399997925
1.0
0.0
0.0
0.0
1.0
0.0
0.0
0.0
1.0
0.01
-0.01
-0.169399997925
1.0
0.0
0.0
0.0
-1.0
-1.22460635382e-16
0.0
1.22460635382e-16
-1.0
0.01
2.04509261088e-17
0.223999997925
-1.0
-1.22460635382e-16
-1.36845553157e-48
-1.22460635382e-16
1.0
-1.22460635382e-16
1.49966072182e-32
-1.22460635382e-16
-1.0
0.01
-0.01
0.223999997925
1.0
0.0
0.0
0.0
-1.0
-1.22460635382e-16
0.0
1.22460635382e-16
-1.0
0.01
-0.01
0.223999997925
0.0
2.22044604925e-16
1.0
-1.0
-2.22044604925e-16
0.0
2.22044604925e-16
-1.0
2.22044604925e-16
-0.228599999615
0.0
0.015
1.11022302463e-16
-1.11022302463e-16
1.0
1.0
-5.55111512313e-16
-1.11022302463e-16
5.55111512313e-16
1.0
1.11022302463e-16
-0.228599999615
9.27036225562e-18
0.015
-4.70977423728e-16
-1.0
0.0
1.0
-4.70977423728e-16
0.0
0.0
0.0
1.0
-0.033
0.0
-0.180599999615
-1.56992474576e-16
1.0
0.0
-1.0
-1.56992474576e-16
0.0
0.0
0.0
1.0
-0.033
0.0
-0.180599999615
1.0
0.0
0.0
0.0
1.0
0.0
0.0
0.0
1.0
0.01
0.025
-0.169399997925
-1.0
-1.22460635382e-16
0.0
1.22460635382e-16
-1.0
0.0
0.0
0.0
1.0
0.01
0.025
-0.169399997925
-1.56992474576e-16
1.0
0.0
-1.0
-1.56992474576e-16
0.0
0.0
0.0
1.0
0.035
0.0
-0.180599999615
-4.70977423728e-16
-1.0
0.0
1.0
-4.70977423728e-16
0.0
0.0
0.0
1.0
0.035
0.0
-0.180599999615
1.0
0.0
0.0
0.0
-1.0
-1.22460635382e-16
0.0
1.22460635382e-16
-1.0
0.01
0.025
0.223999997925
-1.0
-1.22460635382e-16
-1.36845553157e-48
-1.22460635382e-16
1.0
-1.22460635382e-16
1.49966072182e-32
-1.22460635382e-16
-1.0
0.01
0.025
0.223999997925
-4.70977423728e-16
-1.0
-2.69028339107e-33
-1.0
4.71085843945e-16
-1.22460635382e-16
1.22460635382e-16
-5.49913184433e-32
-1.0
-0.008
2.04509261088e-17
0.235199999615
-1.56992474576e-16
1.0
8.96761130355e-34
1.0
1.57046684685e-16
-1.22460635382e-16
-1.22460635382e-16
-1.83264271271e-32
-1.0
-0.008
2.04509261088e-17
0.235199999615
-4.70977423728e-16
-1.0
-2.69028339107e-33
-1.0
4.71085843945e-16
-1.22460635382e-16
1.22460635382e-16
-5.49913184433e-32
-1.0
0.01
2.04509261088e-17
0.235199999615
-1.56992474576e-16
1.0
8.96761130355e-34
1.0
1.57046684685e-16
-1.22460635382e-16
-1.22460635382e-16
-1.83264271271e-32
-1.0
0.01
2.04509261088e-17
0.235199999615
1.11022302463e-16
-1.11022302463e-16
1.0
1.0
-5.55111512313e-16
-1.11022302463e-16
5.55111512313e-16
1.0
1.11022302463e-16
-0.228599999615
9.27036225562e-18
0.0273
0.0
2.22044604925e-16
1.0
-1.0
-2.22044604925e-16
0.0
2.22044604925e-16
-1.0
2.22044604925e-16
-0.228599999615
0.0
0.0273
-1.0
-1.22460635382e-16
0.0
1.22460635382e-16
-1.0
0.0
0.0
0.0
1.0
0.01
-0.035
-0.169399997925
1.0
0.0
0.0
0.0
1.0
0.0
0.0
0.0
1.0
0.01
-0.035
-0.169399997925
-1.0
-1.22460635382e-16
-1.36845553157e-48
-1.22460635382e-16
1.0
-1.22460635382e-16
1.49966072182e-32
-1.22460635382e-16
-1.0
0.01
-0.035
0.223999997925
1.0
0.0
0.0
0.0
-1.0
-1.22460635382e-16
0.0
1.22460635382e-16
-1.0
0.01
-0.035
0.223999997925
-1.56992474576e-16
1.0
8.96761130355e-34
1.0
1.57046684685e-16
-1.22460635382e-16
-1.22460635382e-16
-1.83264271271e-32
-1.0
-0.033
2.04509261088e-17
0.235199999615
-4.70977423728e-16
-1.0
-2.69028339107e-33
-1.0
4.71085843945e-16
-1.22460635382e-16
1.22460635382e-16
-5.49913184433e-32
-1.0
-0.033
2.04509261088e-17
0.235199999615
-4.70977423728e-16
-1.0
-2.69028339107e-33
-1.0
4.71085843945e-16
-1.22460635382e-16
1.22460635382e-16
-5.49913184433e-32
-1.0
0.035
2.04509261088e-17
0.235199999615
-1.56992474576e-16
1.0
8.96761130355e-34
1.0
1.57046684685e-16
-1.22460635382e-16
-1.22460635382e-16
-1.83264271271e-32
-1.0
0.035
2.04509261088e-17
0.235199999615
1.11022302463e-16
-1.11022302463e-16
-1.0
1.0
-5.55111512313e-16
1.11022302463e-16
-5.55111512313e-16
-1.0
1.11022302463e-16
0.248599999615
-9.27036225562e-18
0.015
0.0
2.22044604925e-16
-1.0
-1.0
-2.22044604925e-16
0.0
-2.22044604925e-16
1.0
2.22044604925e-16
0.248599999615
0.0
0.015
1.0
0.0
0.0
0.0
1.0
0.0
0.0
0.0
1.0
0.01
0.05
-0.169399997925
-1.0
-1.22460635382e-16
0.0
1.22460635382e-16
-1.0
0.0
0.0
0.0
1.0
0.01
0.05
-0.169399997925
1.11022302463e-16
-1.11022302463e-16
1.0
1.0
-5.55111512313e-16
-1.11022302463e-16
5.55111512313e-16
1.0
1.11022302463e-16
-0.228599999615
9.27036225562e-18
0.0523
0.0
2.22044604925e-16
1.0
-1.0
-2.22044604925e-16
0.0
2.22044604925e-16
-1.0
2.22044604925e-16
-0.228599999615
0.0
0.0523
1.0
0.0
0.0
0.0
-1.0
-1.22460635382e-16
0.0
1.22460635382e-16
-1.0
0.01
0.05
0.223999997925
-1.0
-1.22460635382e-16
-1.36845553157e-48
-1.22460635382e-16
1.0
-1.22460635382e-16
1.49966072182e-32
-1.22460635382e-16
-1.0
0.01
0.05
0.223999997925
0.0
2.22044604925e-16
-1.0
-1.0
-2.22044604925e-16
0.0
-2.22044604925e-16
1.0
2.22044604925e-16
0.248599999615
0.0
0.0273
1.11022302463e-16
-1.11022302463e-16
-1.0
1.0
-5.55111512313e-16
1.11022302463e-16
-5.55111512313e-16
-1.0
1.11022302463e-16
0.248599999615
-9.27036225562e-18
0.0273
-1.56992474576e-16
1.0
0.0
-1.0
-1.56992474576e-16
0.0
0.0
0.0
1.0
0.06
0.0
-0.180599999615
-4.70977423728e-16
-1.0
0.0
1.0
-4.70977423728e-16
0.0
0.0
0.0
1.0
0.06
0.0
-0.180599999615
-1.0
-1.22460635382e-16
0.0
1.22460635382e-16
-1.0
0.0
0.0
0.0
1.0
0.01
-0.06
-0.169399997925
1.0
0.0
0.0
0.0
1.0
0.0
0.0
0.0
1.0
0.01
-0.06
-0.169399997925
-1.0
-1.22460635382e-16
-1.36845553157e-48
-1.22460635382e-16
1.0
-1.22460635382e-16
1.49966072182e-32
-1.22460635382e-16
-1.0
0.01
-0.06
0.223999997925
1.0
0.0
0.0
0.0
-1.0
-1.22460635382e-16
0.0
1.22460635382e-16
-1.0
0.01
-0.06
0.223999997925
-4.70977423728e-16
-1.0
-2.69028339107e-33
-1.0
4.71085843945e-16
-1.22460635382e-16
1.22460635382e-16
-5.49913184433e-32
-1.0
0.06
2.04509261088e-17
0.235199999615
-1.56992474576e-16
1.0
8.96761130355e-34
1.0
1.57046684685e-16
-1.22460635382e-16
-1.22460635382e-16
-1.83264271271e-32
-1.0
0.06
2.04509261088e-17
0.235199999615
1.11022302463e-16
-1.11022302463e-16
-1.0
1.0
-5.55111512313e-16
1.11022302463e-16
-5.55111512313e-16
-1.0
1.11022302463e-16
0.248599999615
-9.27036225562e-18
0.0523
0.0
2.22044604925e-16
-1.0
-1.0
-2.22044604925e-16
0.0
-2.22044604925e-16
1.0
2.22044604925e-16
0.248599999615
0.0
0.0523
1.0
0.0
0.0
0.0
1.57046684685e-16
-1.0
0.0
1.0
1.57046684685e-16
0.01
0.269399997925
0.015
-1.0
-1.22460635382e-16
-8.96761130355e-34
1.83264271271e-32
-1.56992474576e-16
1.0
-1.22460635382e-16
1.0
1.57046684685e-16
0.01
-0.269399997925
0.015
-1.0
-1.22460635382e-16
8.96761130355e-34
1.83264271271e-32
-1.56992474576e-16
-1.0
1.22460635382e-16
-1.0
1.57046684685e-16
0.01
0.269399997925
0.015
1.0
-0
0.0
0.0
1.57046684685e-16
1.0
-0
-1.0
1.57046684685e-16
0.01
-0.269399997925
0.015
-1.0
-1.22460635382e-16
8.96761130355e-34
1.83264271271e-32
-1.56992474576e-16
-1.0
1.22460635382e-16
-1.0
1.57046684685e-16
0.01
0.269399997925
0.0273
1.0
-0
0.0
0.0
1.57046684685e-16
1.0
-0
-1.0
1.57046684685e-16
0.01
-0.269399997925
0.0273
1.0
0.0
0.0
0.0
1.57046684685e-16
-1.0
0.0
1.0
1.57046684685e-16
0.01
0.269399997925
0.0273
-1.0
-1.22460635382e-16
-8.96761130355e-34
1.83264271271e-32
-1.56992474576e-16
1.0
-1.22460635382e-16
1.0
1.57046684685e-16
0.01
-0.269399997925
0.0273
1.0
0.0
0.0
0.0
1.0
0.0
0.0
0.0
1.0
0.01
0.075
-0.169399997925
-1.0
-1.22460635382e-16
0.0
1.22460635382e-16
-1.0
0.0
0.0
0.0
1.0
0.01
0.075
-0.169399997925
1.0
0.0
0.0
0.0
-1.0
-1.22460635382e-16
0.0
1.22460635382e-16
-1.0
0.01
0.075
0.223999997925
-1.0
-1.22460635382e-16
-1.36845553157e-48
-1.22460635382e-16
1.0
-1.22460635382e-16
1.49966072182e-32
-1.22460635382e-16
-1.0
0.01
0.075
0.223999997925
1.0
0.0
0.0
0.0
1.57046684685e-16
-1.0
0.0
1.0
1.57046684685e-16
0.01
0.269399997925
0.0523
1.0
-0
0.0
0.0
1.57046684685e-16
1.0
-0
-1.0
1.57046684685e-16
0.01
-0.269399997925
0.0523
-1.0
-1.22460635382e-16
8.96761130355e-34
1.83264271271e-32
-1.56992474576e-16
-1.0
1.22460635382e-16
-1.0
1.57046684685e-16
0.01
0.269399997925
0.0523
-1.0
-1.22460635382e-16
-8.96761130355e-34
1.83264271271e-32
-1.56992474576e-16
1.0
-1.22460635382e-16
1.0
1.57046684685e-16
0.01
-0.269399997925
0.0523
-1.0
-1.22460635382e-16
0.0
1.22460635382e-16
-1.0
0.0
0.0
0.0
1.0
0.01
-0.085
-0.169399997925
1.0
0.0
0.0
0.0
1.0
0.0
0.0
0.0
1.0
0.01
-0.085
-0.169399997925
-1.0
-1.22460635382e-16
-1.36845553157e-48
-1.22460635382e-16
1.0
-1.22460635382e-16
1.49966072182e-32
-1.22460635382e-16
-1.0
0.01
-0.085
0.223999997925
1.0
0.0
0.0
0.0
-1.0
-1.22460635382e-16
0.0
1.22460635382e-16
-1.0
0.01
-0.085
0.223999997925
1.0
0.0
0.0
0.0
1.0
0.0
0.0
0.0
1.0
0.01
0.1
-0.169399997925
-1.0
-1.22460635382e-16
0.0
1.22460635382e-16
-1.0
0.0
0.0
0.0
1.0
0.01
0.1
-0.169399997925
-1.0
-1.22460635382e-16
-1.36845553157e-48
-1.22460635382e-16
1.0
-1.22460635382e-16
1.49966072182e-32
-1.22460635382e-16
-1.0
0.01
0.1
0.223999997925
1.0
0.0
0.0
0.0
-1.0
-1.22460635382e-16
0.0
1.22460635382e-16
-1.0
0.01
0.1
0.223999997925
