-1.56992474576e-16
-1.83264271271e-32
1.0
1.22460635382e-16
-1.0
8.96761130355e-34
1.0
1.22460635382e-16
1.57046684685e-16
-0.175399997738
-5.75010459021e-34
0.0273
1.57046684685e-16
0.0
1.0
0.0
1.0
0.0
-1.0
0.0
1.57046684685e-16
-0.175399997738
0.0
0.0273
-1.56992474576e-16
-1.83264271271e-32
1.0
1.22460635382e-16
-1.0
8.96761130355e-34
1.0
1.22460635382e-16
1.57046684685e-16
-0.175399997738
-0.01
0.0273
1.57046684685e-16
0.0
1.0
0.0
1.0
0.0
-1.0
0.0
1.57046684685e-16
-0.175399997738
-0.01
0.0273
1.57046684685e-16
-0
-1.0
0.0
1.0
-0
1.0
0.0
1.57046684685e-16
0.195499997744
0.0
0.0273
-1.56992474576e-16
-1.83264271271e-32
-1.0
1.22460635382e-16
-1.0
-8.96761130355e-34
-1.0
-1.22460635382e-16
1.57046684685e-16
0.195499997744
5.75010459021e-34
0.0273
-1.56992474576e-16
-1.83264271271e-32
-1.0
1.22460635382e-16
-1.0
-8.96761130355e-34
-1.0
-1.22460635382e-16
1.57046684685e-16
0.195499997744
-0.01
0.0273
1.57046684685e-16
-0
-1.0
0.0
1.0
-0
1.0
0.0
1.57046684685e-16
0.195499997744
-0.01
0.0273
1.57046684685e-16
0.0
1.0
0.0
1.0
0.0
-1.0
0.0
1.57046684685e-16
-0.175399997738
0.025
0.0273
-1.56992474576e-16
-1.83264271271e-32
1.0
1.22460635382e-16
-1.0
8.96761130355e-34
1.0
1.22460635382e-16
1.57046684685e-16
-0.175399997738
0.025
0.0273
1.57046684685e-16
-0
-1.0
0.0
1.0
-0
1.0
0.0
1.57046684685e-16
0.195499997744
0.025
0.0273
-1.56992474576e-16
-1.83264271271e-32
-1.0
1.22460635382e-16
-1.0
-8.96761130355e-34
-1.0
-1.22460635382e-16
1.57046684685e-16
0.195499997744
0.025
0.0273
-1.56992474576e-16
-1.83264271271e-32
1.0
1.22460635382e-16
-1.0
8.96761130355e-34
1.0
1.22460635382e-16
1.57046684685e-16
-0.175399997738
-0.035
0.0273
1.57046684685e-16
0.0
1.0
0.0
1.0
0.0
-1.0
0.0
1.57046684685e-16
-0.175399997738
-0.035
0.0273
-1.56992474576e-16
-1.83264271271e-32
-1.0
1.22460635382e-16
-1.0
-8.96761130355e-34
-1.0
-1.22460635382e-16
1.57046684685e-16
0.195499997744
-0.035
0.0273
1.57046684685e-16
-0
-1.0
0.0
1.0
-0
1.0
0.0
1.57046684685e-16
0.195499997744
-0.035
0.0273
-1.56992474576e-16
-1.83264271271e-32
1.0
1.22460635382e-16
-1.0
8.96761130355e-34
1.0
1.22460635382e-16
1.57046684685e-16
-0.220399997738
-5.75010459021e-34
0.0273
1.57046684685e-16
0.0
1.0
0.0
1.0
0.0
-1.0
0.0
1.57046684685e-16
-0.220399997738
0.0
0.0273
-1.56992474576e-16
-1.83264271271e-32
1.0
1.22460635382e-16
-1.0
8.96761130355e-34
1.0
1.22460635382e-16
1.57046684685e-16
-0.220399997738
-0.01
0.0273
1.57046684685e-16
0.0
1.0
0.0
1.0
0.0
-1.0
0.0
1.57046684685e-16
-0.220399997738
-0.01
0.0273
1.57046684685e-16
0.0
1.0
0.0
1.0
0.0
-1.0
0.0
1.57046684685e-16
-0.220399997738
0.025
0.0273
1.57046684685e-16
0.0
1.0
0.0
1.0
0.0
-1.0
0.0
1.57046684685e-16
-0.175399997738
0.05
0.0273
-5.55111512313e-16
-1.0
-1.11022302463e-16
1.11022302463e-16
1.11022302463e-16
-1.0
1.0
-5.55111512313e-16
1.11022302463e-16
-0.008
0.227399997738
0.0273
-5.55111512313e-16
-1.0
1.11022302463e-16
1.11022302463e-16
1.11022302463e-16
1.0
-1.0
5.55111512313e-16
1.11022302463e-16
-0.008
-0.227399997738
0.0273
-2.22044604925e-16
1.0
0.0
-2.22044604925e-16
0.0
1.0
1.0
2.22044604925e-16
2.22044604925e-16
0.01
-0.227399997738
0.0273
-2.22044604925e-16
1.0
0.0
-2.22044604925e-16
0.0
-1.0
-1.0
-2.22044604925e-16
2.22044604925e-16
0.01
0.227399997738
0.0273
-2.22044604925e-16
1.0
0.0
-2.22044604925e-16
0.0
1.0
1.0
2.22044604925e-16
2.22044604925e-16
-0.008
-0.227399997738
0.0273
-2.22044604925e-16
1.0
0.0
-2.22044604925e-16
0.0
-1.0
-1.0
-2.22044604925e-16
2.22044604925e-16
-0.008
0.227399997738
0.0273
-1.56992474576e-16
-1.83264271271e-32
1.0
1.22460635382e-16
-1.0
8.96761130355e-34
1.0
1.22460635382e-16
1.57046684685e-16
-0.220399997738
0.025
0.0273
-5.55111512313e-16
-1.0
-1.11022302463e-16
1.11022302463e-16
1.11022302463e-16
-1.0
1.0
-5.55111512313e-16
1.11022302463e-16
0.01
0.227399997738
0.0273
-5.55111512313e-16
-1.0
1.11022302463e-16
1.11022302463e-16
1.11022302463e-16
1.0
-1.0
5.55111512313e-16
1.11022302463e-16
0.01
-0.227399997738
0.0273
1.57046684685e-16
-0
-1.0
0.0
1.0
-0
1.0
0.0
1.57046684685e-16
0.195499997744
0.05
0.0273
-1.56992474576e-16
-1.83264271271e-32
1.0
1.22460635382e-16
-1.0
8.96761130355e-34
1.0
1.22460635382e-16
1.57046684685e-16
-0.175399997738
0.05
0.0273
-1.56992474576e-16
-1.83264271271e-32
1.0
1.22460635382e-16
-1.0
8.96761130355e-34
1.0
1.22460635382e-16
1.57046684685e-16
-0.220399997738
-0.035
0.0273
-1.56992474576e-16
-1.83264271271e-32
-1.0
1.22460635382e-16
-1.0
-8.96761130355e-34
-1.0
-1.22460635382e-16
1.57046684685e-16
0.195499997744
0.05
0.0273
1.57046684685e-16
0.0
1.0
0.0
1.0
0.0
-1.0
0.0
1.57046684685e-16
-0.220399997738
-0.035
0.0273
-1.56992474576e-16
-1.83264271271e-32
1.0
1.22460635382e-16
-1.0
8.96761130355e-34
1.0
1.22460635382e-16
1.57046684685e-16
-0.175399997738
-0.06
0.0273
-5.55111512313e-16
-1.0
-1.11022302463e-16
1.11022302463e-16
1.11022302463e-16
-1.0
1.0
-5.55111512313e-16
1.11022302463e-16
-0.033
0.227399997738
0.0273
-5.55111512313e-16
-1.0
1.11022302463e-16
1.11022302463e-16
1.11022302463e-16
1.0
-1.0
5.55111512313e-16
1.11022302463e-16
-0.033
-0.227399997738
0.0273
-2.22044604925e-16
1.0
0.0
-2.22044604925e-16
0.0
1.0
1.0
2.22044604925e-16
2.22044604925e-16
0.035
-0.227399997738
0.0273
-2.22044604925e-16
1.0
0.0
-2.22044604925e-16
0.0
-1.0
-1.0
-2.22044604925e-16
2.22044604925e-16
0.035
0.227399997738
0.0273
-2.22044604925e-16
1.0
0.0
-2.22044604925e-16
0.0
1.0
1.0
2.22044604925e-16
2.22044604925e-16
-0.033
-0.227399997738
0.0273
-2.22044604925e-16
1.0
0.0
-2.22044604925e-16
0.0
-1.0
-1.0
-2.22044604925e-16
2.22044604925e-16
-0.033
0.227399997738
0.0273
-1.56992474576e-16
-1.83264271271e-32
-1.0
1.22460635382e-16
-1.0
-8.96761130355e-34
-1.0
-1.22460635382e-16
1.57046684685e-16
0.195499997744
-0.06
0.0273
-5.55111512313e-16
-1.0
-1.11022302463e-16
1.11022302463e-16
1.11022302463e-16
-1.0
1.0
-5.55111512313e-16
1.11022302463e-16
0.035
0.227399997738
0.0273
-5.55111512313e-16
-1.0
1.11022302463e-16
1.11022302463e-16
1.11022302463e-16
1.0
-1.0
5.55111512313e-16
1.11022302463e-16
0.035
-0.227399997738
0.0273
1.57046684685e-16
0.0
1.0
0.0
1.0
0.0
-1.0
0.0
1.57046684685e-16
-0.175399997738
-0.06
0.0273
1.57046684685e-16
-0
-1.0
0.0
1.0
-0
1.0
0.0
1.57046684685e-16
0.240499997744
0.0
0.0273
-1.56992474576e-16
-1.83264271271e-32
-1.0
1.22460635382e-16
-1.0
-8.96761130355e-34
-1.0
-1.22460635382e-16
1.57046684685e-16
0.240499997744
5.75010459021e-34
0.0273
-1.56992474576e-16
-1.83264271271e-32
-1.0
1.22460635382e-16
-1.0
-8.96761130355e-34
-1.0
-1.22460635382e-16
1.57046684685e-16
0.240499997744
-0.01
0.0273
1.57046684685e-16
0.0
1.0
0.0
1.0
0.0
-1.0
0.0
1.57046684685e-16
-0.220399997738
0.05
0.0273
1.57046684685e-16
-0
-1.0
0.0
1.0
-0
1.0
0.0
1.57046684685e-16
0.240499997744
-0.01
0.0273
1.57046684685e-16
-0
-1.0
0.0
1.0
-0
1.0
0.0
1.57046684685e-16
0.195499997744
-0.06
0.0273
1.57046684685e-16
-0
-1.0
0.0
1.0
-0
1.0
0.0
1.57046684685e-16
0.240499997744
0.025
0.0273
-1.56992474576e-16
-1.83264271271e-32
1.0
1.22460635382e-16
-1.0
8.96761130355e-34
1.0
1.22460635382e-16
1.57046684685e-16
-0.220399997738
0.05
0.0273
-1.56992474576e-16
-1.83264271271e-32
-1.0
1.22460635382e-16
-1.0
-8.96761130355e-34
-1.0
-1.22460635382e-16
1.57046684685e-16
0.240499997744
0.025
0.0273
-1.56992474576e-16
-1.83264271271e-32
-1.0
1.22460635382e-16
-1.0
-8.96761130355e-34
-1.0
-1.22460635382e-16
1.57046684685e-16
0.240499997744
-0.035
0.0273
-1.56992474576e-16
-1.83264271271e-32
1.0
1.22460635382e-16
-1.0
8.96761130355e-34
1.0
1.22460635382e-16
1.57046684685e-16
-0.220399997738
-0.06
0.0273
1.57046684685e-16
-0
-1.0
0.0
1.0
-0
1.0
0.0
1.57046684685e-16
0.240499997744
-0.035
0.0273
1.57046684685e-16
0.0
1.0
0.0
1.0
0.0
-1.0
0.0
1.57046684685e-16
-0.175399997738
0.075
0.0273
1.57046684685e-16
-0
-1.0
0.0
1.0
-0
1.0
0.0
1.57046684685e-16
0.195499997744
0.075
0.0273
1.57046684685e-16
0.0
1.0
0.0
1.0
0.0
-1.0
0.0
1.57046684685e-16
-0.220399997738
-0.06
0.0273
-2.22044604925e-16
1.0
0.0
-2.22044604925e-16
0.0
1.0
1.0
2.22044604925e-16
2.22044604925e-16
0.06
-0.227399997738
0.0273
-2.22044604925e-16
1.0
0.0
-2.22044604925e-16
0.0
-1.0
-1.0
-2.22044604925e-16
2.22044604925e-16
0.06
0.227399997738
0.0273
-1.56992474576e-16
-1.83264271271e-32
1.0
1.22460635382e-16
-1.0
8.96761130355e-34
1.0
1.22460635382e-16
1.57046684685e-16
-0.175399997738
0.075
0.0273
-5.55111512313e-16
-1.0
1.11022302463e-16
1.11022302463e-16
1.11022302463e-16
1.0
-1.0
5.55111512313e-16
1.11022302463e-16
0.06
-0.227399997738
0.0273
1.57046684685e-16
-0
-1.0
0.0
1.0
-0
1.0
0.0
1.57046684685e-16
0.240499997744
0.05
0.0273
-5.55111512313e-16
-1.0
-1.11022302463e-16
1.11022302463e-16
1.11022302463e-16
-1.0
1.0
-5.55111512313e-16
1.11022302463e-16
0.06
0.227399997738
0.0273
-1.56992474576e-16
-1.83264271271e-32
-1.0
1.22460635382e-16
-1.0
-8.96761130355e-34
-1.0
-1.22460635382e-16
1.57046684685e-16
0.195499997744
0.075
0.0273
-1.56992474576e-16
-1.83264271271e-32
-1.0
1.22460635382e-16
-1.0
-8.96761130355e-34
-1.0
-1.22460635382e-16
1.57046684685e-16
0.240499997744
0.05
0.0273
-1.56992474576e-16
-1.83264271271e-32
1.0
1.22460635382e-16
-1.0
8.96761130355e-34
1.0
1.22460635382e-16
1.57046684685e-16
-0.175399997738
-0.085
0.0273
1.57046684685e-16
0.0
1.0
0.0
1.0
0.0
-1.0
0.0
1.57046684685e-16
-0.220399997738
0.075
0.0273
-1.56992474576e-16
-1.83264271271e-32
-1.0
1.22460635382e-16
-1.0
-8.96761130355e-34
-1.0
-1.22460635382e-16
1.57046684685e-16
0.240499997744
-0.06
0.0273
-1.56992474576e-16
-1.83264271271e-32
-1.0
1.22460635382e-16
-1.0
-8.96761130355e-34
-1.0
-1.22460635382e-16
1.57046684685e-16
0.195499997744
-0.085
0.0273
1.57046684685e-16
0.0
1.0
0.0
1.0
0.0
-1.0
0.0
1.57046684685e-16
-0.175399997738
-0.085
0.0273
1.57046684685e-16
-0
-1.0
0.0
1.0
-0
1.0
0.0
1.57046684685e-16
0.240499997744
-0.06
0.0273
-1.56992474576e-16
-1.83264271271e-32
1.0
1.22460635382e-16
-1.0
8.96761130355e-34
1.0
1.22460635382e-16
1.57046684685e-16
-0.220399997738
0.075
0.0273
1.57046684685e-16
-0
-1.0
0.0
1.0
-0
1.0
0.0
1.57046684685e-16
0.195499997744
-0.085
0.0273
-1.56992474576e-16
-1.83264271271e-32
1.0
1.22460635382e-16
-1.0
8.96761130355e-34
1.0
1.22460635382e-16
1.57046684685e-16
-0.220399997738
-0.085
0.0273
1.57046684685e-16
0.0
1.0
0.0
1.0
0.0
-1.0
0.0
1.57046684685e-16
-0.175399997738
0.1
0.0273
-5.55111512313e-16
-1.0
-1.11022302463e-16
1.11022302463e-16
1.11022302463e-16
-1.0
1.0
-5.55111512313e-16
1.11022302463e-16
-0.008
0.272399997738
0.0273
-5.55111512313e-16
-1.0
1.11022302463e-16
1.11022302463e-16
1.11022302463e-16
1.0
-1.0
5.55111512313e-16
1.11022302463e-16
-0.008
-0.272399997738
0.0273
-2.22044604925e-16
1.0
0.0
-2.22044604925e-16
0.0
1.0
1.0
2.22044604925e-16
2.22044604925e-16
0.01
-0.272399997738
0.0273
-2.22044604925e-16
1.0
0.0
-2.22044604925e-16
0.0
-1.0
-1.0
-2.22044604925e-16
2.22044604925e-16
0.01
0.272399997738
0.0273
-2.22044604925e-16
1.0
0.0
-2.22044604925e-16
0.0
1.0
1.0
2.22044604925e-16
2.22044604925e-16
-0.008
-0.272399997738
0.0273
-2.22044604925e-16
1.0
0.0
-2.22044604925e-16
0.0
-1.0
-1.0
-2.22044604925e-16
2.22044604925e-16
-0.008
0.272399997738
0.0273
-5.55111512313e-16
-1.0
-1.11022302463e-16
1.11022302463e-16
1.11022302463e-16
-1.0
1.0
-5.55111512313e-16
1.11022302463e-16
0.01
0.272399997738
0.0273
-5.55111512313e-16
-1.0
1.11022302463e-16
1.11022302463e-16
1.11022302463e-16
1.0
-1.0
5.55111512313e-16
1.11022302463e-16
0.01
-0.272399997738
0.0273
1.57046684685e-16
-0
-1.0
0.0
1.0
-0
1.0
0.0
1.57046684685e-16
0.240499997744
0.075
0.0273
1.57046684685e-16
-0
-1.0
0.0
1.0
-0
1.0
0.0
1.57046684685e-16
0.195499997744
0.1
0.0273
-1.56992474576e-16
-1.83264271271e-32
1.0
1.22460635382e-16
-1.0
8.96761130355e-34
1.0
1.22460635382e-16
1.57046684685e-16
-0.175399997738
0.1
0.0273
1.57046684685e-16
0.0
1.0
0.0
1.0
0.0
-1.0
0.0
1.57046684685e-16
-0.220399997738
-0.085
0.0273
-1.56992474576e-16
-1.83264271271e-32
-1.0
1.22460635382e-16
-1.0
-8.96761130355e-34
-1.0
-1.22460635382e-16
1.57046684685e-16
0.195499997744
0.1
0.0273
-5.55111512313e-16
-1.0
-1.11022302463e-16
1.11022302463e-16
1.11022302463e-16
-1.0
1.0
-5.55111512313e-16
1.11022302463e-16
-0.033
0.272399997738
0.0273
-5.55111512313e-16
-1.0
1.11022302463e-16
1.11022302463e-16
1.11022302463e-16
1.0
-1.0
5.55111512313e-16
1.11022302463e-16
-0.033
-0.272399997738
0.0273
-2.22044604925e-16
1.0
0.0
-2.22044604925e-16
0.0
1.0
1.0
2.22044604925e-16
2.22044604925e-16
0.035
-0.272399997738
0.0273
-2.22044604925e-16
1.0
0.0
-2.22044604925e-16
0.0
-1.0
-1.0
-2.22044604925e-16
2.22044604925e-16
0.035
0.272399997738
0.0273
-1.56992474576e-16
-1.83264271271e-32
-1.0
1.22460635382e-16
-1.0
-8.96761130355e-34
-1.0
-1.22460635382e-16
1.57046684685e-16
0.240499997744
0.075
0.0273
-2.22044604925e-16
1.0
0.0
-2.22044604925e-16
0.0
-1.0
-1.0
-2.22044604925e-16
2.22044604925e-16
-0.033
0.272399997738
0.0273
-2.22044604925e-16
1.0
0.0
-2.22044604925e-16
0.0
1.0
1.0
2.22044604925e-16
2.22044604925e-16
-0.033
-0.272399997738
0.0273
-5.55111512313e-16
-1.0
-1.11022302463e-16
1.11022302463e-16
1.11022302463e-16
-1.0
1.0
-5.55111512313e-16
1.11022302463e-16
0.035
0.272399997738
0.0273
-5.55111512313e-16
-1.0
1.11022302463e-16
1.11022302463e-16
1.11022302463e-16
1.0
-1.0
5.55111512313e-16
1.11022302463e-16
0.035
-0.272399997738
0.0273
1.57046684685e-16
0.0
1.0
0.0
1.0
0.0
-1.0
0.0
1.57046684685e-16
-0.220399997738
0.1
0.0273
-1.56992474576e-16
-1.83264271271e-32
-1.0
1.22460635382e-16
-1.0
-8.96761130355e-34
-1.0
-1.22460635382e-16
1.57046684685e-16
0.240499997744
-0.085
0.0273
-1.56992474576e-16
-1.83264271271e-32
1.0
1.22460635382e-16
-1.0
8.96761130355e-34
1.0
1.22460635382e-16
1.57046684685e-16
-0.220399997738
0.1
0.0273
1.57046684685e-16
-0
-1.0
0.0
1.0
-0
1.0
0.0
1.57046684685e-16
0.240499997744
-0.085
0.0273
-2.22044604925e-16
1.0
0.0
-2.22044604925e-16
0.0
1.0
1.0
2.22044604925e-16
2.22044604925e-16
0.06
-0.272399997738
0.0273
-2.22044604925e-16
1.0
0.0
-2.22044604925e-16
0.0
-1.0
-1.0
-2.22044604925e-16
2.22044604925e-16
0.06
0.272399997738
0.0273
-5.55111512313e-16
-1.0
1.11022302463e-16
1.11022302463e-16
1.11022302463e-16
1.0
-1.0
5.55111512313e-16
1.11022302463e-16
0.06
-0.272399997738
0.0273
-5.55111512313e-16
-1.0
-1.11022302463e-16
1.11022302463e-16
1.11022302463e-16
-1.0
1.0
-5.55111512313e-16
1.11022302463e-16
0.06
0.272399997738
0.0273
1.57046684685e-16
-0
-1.0
0.0
1.0
-0
1.0
0.0
1.57046684685e-16
0.240499997744
0.1
0.0273
-1.56992474576e-16
-1.83264271271e-32
-1.0
1.22460635382e-16
-1.0
-8.96761130355e-34
-1.0
-1.22460635382e-16
1.57046684685e-16
0.240499997744
0.1
0.0273
