1.0
0.0
0.0
0.0
1.0
0.0
0.0
0.0
1.0
0.01
0.0
-0.169399997925
-1.0
-1.22460635382e-16
0.0
1.22460635382e-16
-1.0
0.0
0.0
0.0
1.0
0.01
0.0
-0.169399997925
-1.0
-1.22460635382e-16
0.0
1.22460635382e-16
-1.0
0.0
0.0
0.0
1.0
0.01
-0.01
-0.169399997925
1.0
0.0
0.0
0.0
1.0
0.0
0.0
0.0
1.0
0.01
-0.01
-0.169399997925
1.0
0.0
0.0
0.0
1.0
0.0
0.0
0.0
1.0
0.01
0.025
-0.169399997925
-1.0
-1.22460635382e-16
0.0
1.22460635382e-16
-1.0
0.0
0.0
0.0
1.0
0.01
0.025
-0.169399997925
-1.0
-1.22460635382e-16
0.0
1.22460635382e-16
-1.0
0.0
0.0
0.0
1.0
0.01
-0.035
-0.169399997925
1.0
0.0
0.0
0.0
1.0
0.0
0.0
0.0
1.0
0.01
-0.035
-0.169399997925
1.0
0.0
0.0
0.0
-1.0
-1.22460635382e-16
0.0
1.22460635382e-16
-1.0
0.01
2.04509261088e-17
0.223999997925
-1.0
-1.22460635382e-16
-1.36845553157e-48
-1.22460635382e-16
1.0
-1.22460635382e-16
1.49966072182e-32
-1.22460635382e-16
-1.0
0.01
2.04509261088e-17
0.223999997925
1.0
0.0
0.0
0.0
-1.0
-1.22460635382e-16
0.0
1.22460635382e-16
-1.0
0.01
-0.01
0.223999997925
-1.0
-1.22460635382e-16
-1.36845553157e-48
-1.22460635382e-16
1.0
-1.22460635382e-16
1.49966072182e-32
-1.22460635382e-16
-1.0
0.01
-0.01
0.223999997925
1.0
0.0
0.0
0.0
1.0
0.0
0.0
0.0
1.0
0.01
0.05
-0.169399997925
-1.0
-1.22460635382e-16
0.0
1.22460635382e-16
-1.0
0.0
0.0
0.0
1.0
0.01
0.05
-0.169399997925
-1.0
-1.22460635382e-16
-1.36845553157e-48
-1.22460635382e-16
1.0
-1.22460635382e-16
1.49966072182e-32
-1.22460635382e-16
-1.0
0.01
0.025
0.223999997925
1.0
0.0
0.0
0.0
-1.0
-1.22460635382e-16
0.0
1.22460635382e-16
-1.0
0.01
0.025
0.223999997925
1.0
0.0
0.0
0.0
-1.0
-1.22460635382e-16
0.0
1.22460635382e-16
-1.0
0.01
-0.035
0.223999997925
-1.0
-1.22460635382e-16
-1.36845553157e-48
-1.22460635382e-16
1.0
-1.22460635382e-16
1.49966072182e-32
-1.22460635382e-16
-1.0
0.01
-0.035
0.223999997925
-1.0
-1.22460635382e-16
0.0
1.22460635382e-16
-1.0
0.0
0.0
0.0
1.0
0.01
-0.06
-0.169399997925
1.0
0.0
0.0
0.0
1.0
0.0
0.0
0.0
1.0
0.01
-0.06
-0.169399997925
1.0
0.0
0.0
0.0
-1.0
-1.22460635382e-16
0.0
1.22460635382e-16
-1.0
0.01
0.05
0.223999997925
-1.0
-1.22460635382e-16
-1.36845553157e-48
-1.22460635382e-16
1.0
-1.22460635382e-16
1.49966072182e-32
-1.22460635382e-16
-1.0
0.01
0.05
0.223999997925
1.0
0.0
0.0
0.0
1.0
0.0
0.0
0.0
1.0
0.01
0.075
-0.169399997925
-1.0
-1.22460635382e-16
0.0
1.22460635382e-16
-1.0
0.0
0.0
0.0
1.0
0.01
0.075
-0.169399997925
-1.0
-1.22460635382e-16
-1.36845553157e-48
-1.22460635382e-16
1.0
-1.22460635382e-16
1.49966072182e-32
-1.22460635382e-16
-1.0
0.01
-0.06
0.223999997925
1.0
0.0
0.0
0.0
-1.0
-1.22460635382e-16
0.0
1.22460635382e-16
-1.0
0.01
-0.06
0.223999997925
-1.0
-1.22460635382e-16
0.0
1.22460635382e-16
-1.0
0.0
0.0
0.0
1.0
0.01
-0.085
-0.169399997925
1.0
0.0
0.0
0.0
1.0
0.0
0.0
0.0
1.0
0.01
-0.085
-0.169399997925
-1.0
-1.22460635382e-16
-1.36845553157e-48
-1.22460635382e-16
1.0
-1.22460635382e-16
1.49966072182e-32
-1.22460635382e-16
-1.0
0.01
0.075
0.223999997925
1.0
0.0
0.0
0.0
-1.0
-1.22460635382e-16
0.0
1.22460635382e-16
-1.0
0.01
0.075
0.223999997925
-1.0
-1.22460635382e-16
-8.96761130355e-34
1.83264271271e-32
-1.56992474576e-16
1.0
-1.22460635382e-16
1.0
1.57046684685e-16
0.01
-0.269399997925
0.015
1.0
0.0
0.0
0.0
1.57046684685e-16
-1.0
0.0
1.0
1.57046684685e-16
0.01
0.269399997925
0.015
1.0
-0
0.0
0.0
1.57046684685e-16
1.0
-0
-1.0
1.57046684685e-16
0.01
-0.269399997925
0.015
-1.0
-1.22460635382e-16
8.96761130355e-34
1.83264271271e-32
-1.56992474576e-16
-1.0
1.22460635382e-16
-1.0
1.57046684685e-16
0.01
0.269399997925
0.015
1.0
0.0
0.0
0.0
1.0
0.0
0.0
0.0
1.0
0.01
0.1
-0.169399997925
-1.0
-1.22460635382e-16
0.0
1.22460635382e-16
-1.0
0.0
0.0
0.0
1.0
0.01
0.1
-0.169399997925
-1.0
-1.22460635382e-16
-8.96761130355e-34
1.83264271271e-32
-1.56992474576e-16
1.0
-1.22460635382e-16
1.0
1.57046684685e-16
0.01
-0.269399997925
0.0273
1.0
0.0
0.0
0.0
1.57046684685e-16
-1.0
0.0
1.0
1.57046684685e-16
0.01
0.269399997925
0.0273
-1.0
-1.22460635382e-16
8.96761130355e-34
1.83264271271e-32
-1.56992474576e-16
-1.0
1.22460635382e-16
-1.0
1.57046684685e-16
0.01
0.269399997925
0.0273
1.0
-0
0.0
0.0
1.57046684685e-16
1.0
-0
-1.0
1.57046684685e-16
0.01
-0.269399997925
0.0273
-1.0
-1.22460635382e-16
-1.36845553157e-48
-1.22460635382e-16
1.0
-1.22460635382e-16
1.49966072182e-32
-1.22460635382e-16
-1.0
0.01
-0.085
0.223999997925
1.0
0.0
0.0
0.0
-1.0
-1.22460635382e-16
0.0
1.22460635382e-16
-1.0
0.01
-0.085
0.223999997925
1.0
0.0
0.0
0.0
1.57046684685e-16
-1.0
0.0
1.0
1.57046684685e-16
0.01
0.269399997925
0.0523
-1.0
-1.22460635382e-16
-8.96761130355e-34
1.83264271271e-32
-1.56992474576e-16
1.0
-1.22460635382e-16
1.0
1.57046684685e-16
0.01
-0.269399997925
0.0523
1.0
-0
0.0
0.0
1.57046684685e-16
1.0
-0
-1.0
1.57046684685e-16
0.01
-0.269399997925
0.0523
-1.0
-1.22460635382e-16
8.96761130355e-34
1.83264271271e-32
-1.56992474576e-16
-1.0
1.22460635382e-16
-1.0
1.57046684685e-16
0.01
0.269399997925
0.0523
-1.0
-1.22460635382e-16
-1.36845553157e-48
-1.22460635382e-16
1.0
-1.22460635382e-16
1.49966072182e-32
-1.22460635382e-16
-1.0
0.01
0.1
0.223999997925
1.0
0.0
0.0
0.0
-1.0
-1.22460635382e-16
0.0
1.22460635382e-16
-1.0
0.01
0.1
0.223999997925
