-1.0
-1.22464679915e-16
0.0
2.46519032882e-32
-2.22044604925e-16
1.0
-1.22464679915e-16
1.0
2.22044604925e-16
-3.7521822378e-05
-0.150356379974
0.0252548996359
-2.22044604925e-16
1.0
0.0
-2.22044604925e-16
0.0
1.0
1.0
2.22044604925e-16
2.22044604925e-16
-3.7521822378e-05
-0.150356379974
0.0252548996359
-2.22044604925e-16
-2.46519032882e-32
1.0
1.22464679915e-16
-1.0
0.0
1.0
1.22464679915e-16
2.22044604925e-16
-0.150320722427
-7.31793697923e-05
0.0252548996359
-1.0
-1.22464679915e-16
0.0
2.46519032882e-32
-2.22044604925e-16
-1.0
1.22464679915e-16
-1.0
2.22044604925e-16
-3.7521822378e-05
0.150210021234
0.0252548996359
-6.66133814775e-16
-1.0
-1.11022302463e-16
1.11022302463e-16
0.0
-1.0
1.0
-5.55111512313e-16
0.0
-3.7521822378e-05
0.150210021234
0.0252548996359
2.22044604925e-16
0.0
1.0
0.0
1.0
0.0
-1.0
0.0
2.22044604925e-16
-0.150320722427
-7.31793697923e-05
0.0252548996359
-6.66133814775e-16
-1.0
1.11022302463e-16
1.11022302463e-16
0.0
1.0
-1.0
5.55111512313e-16
0.0
-3.7521822378e-05
-0.150356379974
0.0252548996359
2.22044604925e-16
-0.0
-1.0
0.0
1.0
-0.0
1.0
0.0
2.22044604925e-16
0.150245678782
-7.31793697923e-05
0.0252548996359
-4.4408920985e-16
1.0
1.11022302463e-16
-3.33066907388e-16
0.0
-1.0
-1.0
-3.33066907388e-16
2.22044604925e-16
-3.7521822378e-05
0.150210021234
0.0252548996359
-4.4408920985e-16
-1.0
0.0
0.0
0.0
-1.0
1.0
-4.4408920985e-16
0.0
-3.7521822378e-05
0.150210021234
0.0252548996359
-6.66133814775e-16
-1.0
1.11022302463e-16
1.11022302463e-16
0.0
1.0
-1.0
5.55111512313e-16
0.0
-3.75218223781e-05
-0.150356379974
0.0252548996359
0.0
-1.11022302463e-16
1.0
1.0
-6.66133814775e-16
-1.11022302463e-16
5.55111512313e-16
1.0
0.0
-0.150320722427
-7.31793697923e-05
0.0252548996359
-2.22044604925e-16
1.0
1.11022302463e-16
-3.33066907388e-16
-2.22044604925e-16
1.0
1.0
1.11022302463e-16
2.22044604925e-16
-3.7521822378e-05
-0.150356379974
0.0252548996359
0.0
2.22044604925e-16
1.0
-1.0
-2.22044604925e-16
0.0
2.22044604925e-16
-1.0
2.22044604925e-16
-0.150320722427
-7.31793697923e-05
0.0252548996359
0.0
-1.11022302463e-16
-1.0
1.0
-6.66133814775e-16
1.11022302463e-16
-5.55111512313e-16
-1.0
0.0
0.150245678782
-7.31793697923e-05
0.0252548996359
-1.0
-1.84055813701e-16
6.1591133786e-17
-6.1591133786e-17
-2.22044604925e-16
-1.0
1.84055813701e-16
-1.0
2.22044604925e-16
-3.7521822378e-05
0.150210021234
0.0252548996359
1.0
6.1591133786e-17
6.1591133786e-17
6.1591133786e-17
2.22044604925e-16
-1.0
-6.1591133786e-17
1.0
2.22044604925e-16
-3.7521822378e-05
0.150210021234
0.0252548996359
-2.22044604925e-16
1.0
0.0
-2.22044604925e-16
0.0
-1.0
-1.0
-2.22044604925e-16
2.22044604925e-16
-3.7521822378e-05
0.150210021234
0.0252548996359
-2.22044604925e-16
-2.46519032882e-32
-1.0
1.22464679915e-16
-1.0
0.0
-1.0
-1.22464679915e-16
2.22044604925e-16
0.150245678782
-7.31793697923e-05
0.0252548996359
0.0
2.22044604925e-16
-1.0
-1.0
-2.22044604925e-16
0.0
-2.22044604925e-16
1.0
2.22044604925e-16
0.150245678782
-7.31793697923e-05
0.0252548996359
1.0
-6.1591133786e-17
6.1591133786e-17
-6.1591133786e-17
2.22044604925e-16
1.0
-6.1591133786e-17
-1.0
2.22044604925e-16
-3.7521822378e-05
-0.150356379974
0.0252548996359
-1.0
-6.08735461287e-17
6.1591133786e-17
6.1591133786e-17
-2.22044604925e-16
1.0
-6.08735461287e-17
1.0
2.22044604925e-16
-3.7521822378e-05
-0.150356379974
0.0252548996359
-6.66133814775e-16
-1.0
1.11022302463e-16
1.11022302463e-16
0.0
1.0
-1.0
5.55111512313e-16
0.0
-3.7521822378e-05
-0.137473177295
0.0252548996359
-4.4408920985e-16
1.0
1.11022302463e-16
-3.33066907388e-16
0.0
-1.0
-1.0
-3.33066907388e-16
2.22044604925e-16
-3.7521822378e-05
0.137326818555
0.0252548996359
-6.66133814775e-16
-1.0
1.11022302463e-16
1.11022302463e-16
0.0
1.0
-1.0
5.55111512313e-16
0.0
-3.75218223781e-05
-0.137473177295
0.0252548996359
-6.66133814775e-16
-1.0
-1.11022302463e-16
1.11022302463e-16
0.0
-1.0
1.0
-5.55111512313e-16
0.0
-3.7521822378e-05
0.137326818555
0.0252548996359
-2.22044604925e-16
-2.46519032882e-32
1.0
1.22464679915e-16
-1.0
0.0
1.0
1.22464679915e-16
2.22044604925e-16
-0.137437519747
-7.31793697923e-05
0.0252548996359
2.22044604925e-16
-0.0
-1.0
0.0
1.0
-0.0
1.0
0.0
2.22044604925e-16
0.137362476102
-7.31793697923e-05
0.0252548996359
-2.22044604925e-16
1.0
1.11022302463e-16
-3.33066907388e-16
-2.22044604925e-16
1.0
1.0
1.11022302463e-16
2.22044604925e-16
-3.7521822378e-05
-0.137473177295
0.0252548996359
-4.4408920985e-16
-1.0
0.0
0.0
0.0
-1.0
1.0
-4.4408920985e-16
0.0
-3.7521822378e-05
0.137326818555
0.0252548996359
-2.22044604925e-16
1.0
0.0
-2.22044604925e-16
0.0
1.0
1.0
2.22044604925e-16
2.22044604925e-16
-3.7521822378e-05
-0.137473177295
0.0252548996359
1.0
-0.0
0.0
0.0
2.22044604925e-16
1.0
-0.0
-1.0
2.22044604925e-16
-3.7521822378e-05
-0.150356379974
0.0252548996359
1.0
0.0
0.0
0.0
2.22044604925e-16
-1.0
0.0
1.0
2.22044604925e-16
-3.7521822378e-05
0.150210021234
0.0252548996359
2.22044604925e-16
0.0
1.0
0.0
1.0
0.0
-1.0
0.0
2.22044604925e-16
-0.137437519747
-7.31793697923e-05
0.0252548996359
-2.22044604925e-16
-2.46519032882e-32
-1.0
1.22464679915e-16
-1.0
0.0
-1.0
-1.22464679915e-16
2.22044604925e-16
0.137362476102
-7.31793697923e-05
0.0252548996359
-2.22044604925e-16
1.0
0.0
-2.22044604925e-16
0.0
-1.0
-1.0
-2.22044604925e-16
2.22044604925e-16
-3.7521822378e-05
0.137326818555
0.0252548996359
1.0
0.0
0.0
0.0
1.0
0.0
0.0
0.0
1.0
-3.7521822378e-05
-7.31793697923e-05
-0.112145098289
-1.0
-1.22464679915e-16
0.0
1.22464679915e-16
-1.0
0.0
0.0
0.0
1.0
-3.7521822378e-05
-7.31793697923e-05
-0.112145098289
-2.22044604925e-16
1.0
0.0
-1.0
-2.22044604925e-16
0.0
0.0
0.0
1.0
-3.7521822378e-05
-7.31793697923e-05
-0.112145098289
-4.4408920985e-16
-1.0
1.23259516441e-32
-1.0
4.4408920985e-16
-1.22464679915e-16
1.22464679915e-16
-7.39557098645e-32
-1.0
-3.7521822378e-05
-7.31793697923e-05
0.162654897561
-1.0
-1.22464679915e-16
0.0
-1.22464679915e-16
1.0
-1.22464679915e-16
1.49975978266e-32
-1.22464679915e-16
-1.0
-3.7521822378e-05
-7.31793697923e-05
0.162654897561
-2.22044604925e-16
1.0
0.0
1.0
2.22044604925e-16
-1.22464679915e-16
-1.22464679915e-16
-2.46519032882e-32
-1.0
-3.7521822378e-05
-7.31793697923e-05
0.162654897561
1.0
0.0
0.0
0.0
-1.0
-1.22464679915e-16
0.0
1.22464679915e-16
-1.0
-3.7521822378e-05
-7.31793697923e-05
0.162654897561
1.0
0.0
0.0
0.0
1.0
0.0
0.0
0.0
1.0
-3.7521822378e-05
-7.31793697923e-05
-0.112145098289
-2.22044604925e-16
1.0
0.0
-1.0
-2.22044604925e-16
0.0
0.0
0.0
1.0
-3.7521822378e-05
-7.31793697923e-05
-0.112145098289
-1.0
-1.22464679915e-16
0.0
-1.22464679915e-16
1.0
-1.22464679915e-16
1.49975978266e-32
-1.22464679915e-16
-1.0
-3.7521822378e-05
-7.31793697923e-05
0.162654897561
-1.0
-1.22464679915e-16
0.0
1.22464679915e-16
-1.0
0.0
0.0
0.0
1.0
-3.7521822378e-05
-7.31793697923e-05
-0.112145098289
1.0
0.0
0.0
0.0
-1.0
-1.22464679915e-16
0.0
1.22464679915e-16
-1.0
-3.7521822378e-05
-7.31793697923e-05
0.162654897561
2.22044604925e-16
0.0
1.0
0.0
1.0
0.0
-1.0
0.0
2.22044604925e-16
-0.104575622063
-7.31793697923e-05
0.0252548996359
-6.66133814775e-16
-1.0
-1.11022302463e-16
1.11022302463e-16
0.0
-1.0
1.0
-5.55111512313e-16
0.0
-3.7521822378e-05
0.10446492087
0.0252548996359
-2.22044604925e-16
1.0
0.0
-2.22044604925e-16
0.0
1.0
1.0
2.22044604925e-16
2.22044604925e-16
-3.7521822378e-05
-0.10461127961
0.0252548996359
-2.22044604925e-16
-2.46519032882e-32
1.0
1.22464679915e-16
-1.0
0.0
1.0
1.22464679915e-16
2.22044604925e-16
-0.104575622063
-7.31793697923e-05
0.0252548996359
2.22044604925e-16
-0.0
-1.0
0.0
1.0
-0.0
1.0
0.0
2.22044604925e-16
0.104500578418
-7.31793697923e-05
0.0252548996359
-4.4408920985e-16
1.0
1.11022302463e-16
-3.33066907388e-16
0.0
-1.0
-1.0
-3.33066907388e-16
2.22044604925e-16
-3.7521822378e-05
0.10446492087
0.0252548996359
-4.4408920985e-16
-1.0
0.0
0.0
0.0
-1.0
1.0
-4.4408920985e-16
0.0
-3.7521822378e-05
0.10446492087
0.0252548996359
-6.66133814775e-16
-1.0
1.11022302463e-16
1.11022302463e-16
0.0
1.0
-1.0
5.55111512313e-16
0.0
-3.7521822378e-05
-0.10461127961
0.0252548996359
-2.22044604925e-16
1.0
0.0
-2.22044604925e-16
0.0
-1.0
-1.0
-2.22044604925e-16
2.22044604925e-16
-3.7521822378e-05
0.10446492087
0.0252548996359
-2.22044604925e-16
-2.46519032882e-32
-1.0
1.22464679915e-16
-1.0
0.0
-1.0
-1.22464679915e-16
2.22044604925e-16
0.104500578418
-7.31793697923e-05
0.0252548996359
-2.22044604925e-16
1.0
1.11022302463e-16
-3.33066907388e-16
-2.22044604925e-16
1.0
1.0
1.11022302463e-16
2.22044604925e-16
-3.7521822378e-05
-0.10461127961
0.0252548996359
-6.66133814775e-16
-1.0
1.11022302463e-16
1.11022302463e-16
0.0
1.0
-1.0
5.55111512313e-16
0.0
-3.75218223781e-05
-0.10461127961
0.0252548996359
-1.0
-1.22464679915e-16
0.0
1.22464679915e-16
-1.0
0.0
0.0
0.0
1.0
-3.7521822378e-05
-7.31793697923e-05
-0.130261895609
1.0
0.0
0.0
0.0
1.0
0.0
0.0
0.0
1.0
-3.7521822378e-05
-7.31793697923e-05
-0.130261895609
1.0
0.0
0.0
0.0
-1.0
-1.22464679915e-16
0.0
1.22464679915e-16
-1.0
-3.7521822378e-05
-7.31793697923e-05
0.180771694881
1.0
0.0
0.0
0.0
-1.0
-1.22464679915e-16
0.0
1.22464679915e-16
-1.0
-3.7521822378e-05
-7.31793697923e-05
0.180771694881
1.0
0.0
0.0
0.0
1.0
0.0
0.0
0.0
1.0
-3.7521822378e-05
-7.31793697923e-05
-0.130261895609
-1.0
-1.22464679915e-16
0.0
-1.22464679915e-16
1.0
-1.22464679915e-16
1.49975978266e-32
-1.22464679915e-16
-1.0
-3.7521822378e-05
-7.31793697923e-05
0.180771694881
-1.0
-1.22464679915e-16
0.0
-1.22464679915e-16
1.0
-1.22464679915e-16
1.49975978266e-32
-1.22464679915e-16
-1.0
-3.7521822378e-05
-7.31793697923e-05
0.180771694881
-2.22044604925e-16
1.0
0.0
-1.0
-2.22044604925e-16
0.0
0.0
0.0
1.0
-3.7521822378e-05
-7.31793697923e-05
-0.130261895609
-1.0
-1.22464679915e-16
0.0
1.22464679915e-16
-1.0
0.0
0.0
0.0
1.0
-3.7521822378e-05
-7.31793697923e-05
-0.130261895609
-2.22044604925e-16
1.0
0.0
-1.0
-2.22044604925e-16
0.0
0.0
0.0
1.0
-3.7521822378e-05
-7.31793697923e-05
-0.130261895609
-4.4408920985e-16
-1.0
0.0
1.0
-4.4408920985e-16
0.0
0.0
0.0
1.0
-3.7521822378e-05
-7.31793697923e-05
-0.112145098289
-4.4408920985e-16
-1.0
0.0
1.0
-4.4408920985e-16
0.0
0.0
0.0
1.0
-3.7521822378e-05
-7.31793697923e-05
-0.112145098289
-2.22044604925e-16
1.0
0.0
1.0
2.22044604925e-16
-1.22464679915e-16
-1.22464679915e-16
-2.46519032882e-32
-1.0
-3.7521822378e-05
-7.31793697923e-05
0.162654897561
-4.4408920985e-16
-1.0
1.23259516441e-32
-1.0
4.4408920985e-16
-1.22464679915e-16
1.22464679915e-16
-7.39557098645e-32
-1.0
-3.7521822378e-05
-7.31793697923e-05
0.162654897561
1.0
0.0
0.0
0.0
-1.0
-1.22464679915e-16
0.0
1.22464679915e-16
-1.0
-3.7521822378e-05
-7.31793697923e-05
0.193654897561
-1.0
-1.22464679915e-16
0.0
-1.22464679915e-16
1.0
-1.22464679915e-16
1.49975978266e-32
-1.22464679915e-16
-1.0
-3.7521822378e-05
-7.31793697923e-05
0.193654897561
-2.22044604925e-16
1.0
0.0
-1.0
-2.22044604925e-16
0.0
0.0
0.0
1.0
-3.7521822378e-05
-7.31793697923e-05
-0.143145098289
1.0
0.0
0.0
0.0
1.0
0.0
0.0
0.0
1.0
-3.7521822378e-05
-7.31793697923e-05
-0.143145098289
1.0
0.0
0.0
0.0
-1.0
-1.22464679915e-16
0.0
1.22464679915e-16
-1.0
-3.7521822378e-05
-7.31793697923e-05
0.193654897561
-1.0
-1.22464679915e-16
0.0
-1.22464679915e-16
1.0
-1.22464679915e-16
1.49975978266e-32
-1.22464679915e-16
-1.0
-3.7521822378e-05
-7.31793697923e-05
0.193654897561
-2.22044604925e-16
1.0
0.0
-1.0
-2.22044604925e-16
0.0
0.0
0.0
1.0
-3.7521822378e-05
-7.31793697923e-05
-0.143145098289
-1.0
-1.22464679915e-16
0.0
1.22464679915e-16
-1.0
0.0
0.0
0.0
1.0
-3.7521822378e-05
-7.31793697923e-05
-0.143145098289
1.0
0.0
0.0
0.0
1.0
0.0
0.0
0.0
1.0
-3.7521822378e-05
-7.31793697923e-05
-0.143145098289
-2.22044604925e-16
1.0
0.0
1.0
2.22044604925e-16
-1.22464679915e-16
-1.22464679915e-16
-2.46519032882e-32
-1.0
-3.7521822378e-05
-7.31793697923e-05
0.180771694881
-2.22044604925e-16
1.0
0.0
1.0
2.22044604925e-16
-1.22464679915e-16
-1.22464679915e-16
-2.46519032882e-32
-1.0
-3.7521822378e-05
-7.31793697923e-05
0.180771694881
-4.4408920985e-16
-1.0
1.23259516441e-32
-1.0
4.4408920985e-16
-1.22464679915e-16
1.22464679915e-16
-7.39557098645e-32
-1.0
-3.7521822378e-05
-7.31793697923e-05
0.180771694881
-4.4408920985e-16
-1.0
0.0
1.0
-4.4408920985e-16
0.0
0.0
0.0
1.0
-3.7521822378e-05
-7.31793697923e-05
-0.130261895609
-4.4408920985e-16
-1.0
0.0
1.0
-4.4408920985e-16
0.0
0.0
0.0
1.0
-3.7521822378e-05
-7.31793697923e-05
-0.130261895609
-4.4408920985e-16
-1.0
1.23259516441e-32
-1.0
4.4408920985e-16
-1.22464679915e-16
1.22464679915e-16
-7.39557098645e-32
-1.0
-3.7521822378e-05
-7.31793697923e-05
0.180771694881
-4.4408920985e-16
-1.0
1.23259516441e-32
-1.0
4.4408920985e-16
-1.22464679915e-16
1.22464679915e-16
-7.39557098645e-32
-1.0
-3.7521822378e-05
-7.31793697923e-05
0.193654897561
-2.22044604925e-16
1.0
0.0
1.0
2.22044604925e-16
-1.22464679915e-16
-1.22464679915e-16
-2.46519032882e-32
-1.0
-3.7521822378e-05
-7.31793697923e-05
0.193654897561
-2.22044604925e-16
1.0
0.0
1.0
2.22044604925e-16
-1.22464679915e-16
-1.22464679915e-16
-2.46519032882e-32
-1.0
-3.7521822378e-05
-7.31793697923e-05
0.193654897561
-1.0
-1.22464679915e-16
0.0
1.22464679915e-16
-1.0
0.0
0.0
0.0
1.0
-3.7521822378e-05
-7.31793697923e-05
-0.143145098289
-4.4408920985e-16
-1.0
0.0
1.0
-4.4408920985e-16
0.0
0.0
0.0
1.0
-3.7521822378e-05
-7.31793697923e-05
-0.143145098289
-4.4408920985e-16
-1.0
1.23259516441e-32
-1.0
4.4408920985e-16
-1.22464679915e-16
1.22464679915e-16
-7.39557098645e-32
-1.0
-3.7521822378e-05
-7.31793697923e-05
0.193654897561
-4.4408920985e-16
-1.0
0.0
1.0
-4.4408920985e-16
0.0
0.0
0.0
1.0
-3.7521822378e-05
-7.31793697923e-05
-0.143145098289
1.0
0.0
0.0
0.0
1.0
0.0
0.0
0.0
1.0
-3.7521822378e-05
-7.31793697923e-05
-0.0973999979248
-1.0
-1.22464679915e-16
0.0
1.22464679915e-16
-1.0
0.0
0.0
0.0
1.0
-3.7521822378e-05
-7.31793697923e-05
-0.0973999979248
-2.22044604925e-16
1.0
0.0
-1.0
-2.22044604925e-16
0.0
0.0
0.0
1.0
-3.7521822378e-05
-7.31793697923e-05
-0.0973999979248
-4.4408920985e-16
-1.0
0.0
1.0
-4.4408920985e-16
0.0
0.0
0.0
1.0
-3.7521822378e-05
-7.31793697923e-05
-0.0973999979248
-1.0
-1.22464679915e-16
0.0
-1.22464679915e-16
1.0
-1.22464679915e-16
1.49975978266e-32
-1.22464679915e-16
-1.0
-3.7521822378e-05
-7.31793697923e-05
0.147909797197
-4.4408920985e-16
-1.0
1.23259516441e-32
-1.0
4.4408920985e-16
-1.22464679915e-16
1.22464679915e-16
-7.39557098645e-32
-1.0
-3.7521822378e-05
-7.31793697923e-05
0.147909797197
1.0
0.0
0.0
0.0
-1.0
-1.22464679915e-16
0.0
1.22464679915e-16
-1.0
-3.7521822378e-05
-7.31793697923e-05
0.147909797197
-2.22044604925e-16
1.0
0.0
1.0
2.22044604925e-16
-1.22464679915e-16
-1.22464679915e-16
-2.46519032882e-32
-1.0
-3.7521822378e-05
-7.31793697923e-05
0.147909797197
1.0
0.0
0.0
0.0
1.0
0.0
0.0
0.0
1.0
-3.7521822378e-05
-7.31793697923e-05
-0.0973999979248
-2.22044604925e-16
1.0
0.0
-1.0
-2.22044604925e-16
0.0
0.0
0.0
1.0
-3.7521822378e-05
-7.31793697923e-05
-0.0973999979248
-4.4408920985e-16
-1.0
0.0
1.0
-4.4408920985e-16
0.0
0.0
0.0
1.0
-3.7521822378e-05
-7.31793697923e-05
-0.0973999979248
-1.0
-1.22464679915e-16
0.0
1.22464679915e-16
-1.0
0.0
0.0
0.0
1.0
-3.7521822378e-05
-7.31793697923e-05
-0.0973999979248
-1.0
-1.22464679915e-16
0.0
-1.22464679915e-16
1.0
-1.22464679915e-16
1.49975978266e-32
-1.22464679915e-16
-1.0
-3.7521822378e-05
-7.31793697923e-05
0.147909797197
-4.4408920985e-16
-1.0
1.23259516441e-32
-1.0
4.4408920985e-16
-1.22464679915e-16
1.22464679915e-16
-7.39557098645e-32
-1.0
-3.7521822378e-05
-7.31793697923e-05
0.147909797197
1.0
0.0
0.0
0.0
-1.0
-1.22464679915e-16
0.0
1.22464679915e-16
-1.0
-3.7521822378e-05
-7.31793697923e-05
0.147909797197
-2.22044604925e-16
1.0
0.0
1.0
2.22044604925e-16
-1.22464679915e-16
-1.22464679915e-16
-2.46519032882e-32
-1.0
-3.7521822378e-05
-7.31793697923e-05
0.147909797197
