-5.55111512313e-16
-1.0
-1.11022302463e-16
1.11022302463e-16
1.11022302463e-16
-1.0
1.0
-5.55111512313e-16
1.11022302463e-16
-2.91920732707e-05
0.145343064313
0.0223000776023
1.57046684685e-16
-0
-1.0
0.0
1.0
-0
1.0
0.0
1.57046684685e-16
0.145370805852
-5.69336116314e-05
0.0223000776023
-2.22044604925e-16
1.0
0.0
-2.22044604925e-16
0.0
1.0
1.0
2.22044604925e-16
2.22044604925e-16
-2.91920732707e-05
-0.145456931536
0.0223000776023
-2.22044604925e-16
1.0
0.0
-2.22044604925e-16
0.0
-1.0
-1.0
-2.22044604925e-16
2.22044604925e-16
-2.91920732707e-05
0.145343064313
0.0223000776023
-1.56992474576e-16
-1.83264271271e-32
1.0
1.22460635382e-16
-1.0
8.96761130355e-34
1.0
1.22460635382e-16
1.57046684685e-16
-0.145429189998
-5.69336116314e-05
0.0223000776023
-0.433012701892
0.75
-0.5
-0.25
0.433012701892
0.866025403784
0.866025403784
0.5
8.2670415652e-17
0.0726708068891
-0.125977025525
0.0223000776023
0.433012701892
-0.75
0.5
0.25
-0.433012701892
-0.866025403784
0.866025403784
0.5
-6.8250526758e-17
-0.0727291910357
0.125863158301
0.0223000776023
0.433012701892
-0.75
-0.5
0.25
-0.433012701892
0.866025403784
-0.866025403784
-0.5
9.2787377174e-17
0.0726708068891
-0.125977025525
0.0223000776023
-0.433012701892
0.75
0.5
-0.25
0.433012701892
-0.866025403784
-0.866025403784
-0.5
1.13787018002e-16
-0.0727291910357
0.125863158301
0.0223000776023
0.433012701892
0.75
-0.5
-0.25
-0.433012701892
-0.866025403784
-0.866025403784
0.5
2.34329970792e-16
0.0726708068891
0.125863158301
0.0223000776023
-0.433012701892
-0.75
-0.5
0.25
0.433012701892
-0.866025403784
0.866025403784
-0.5
5.28548559087e-17
0.0726708068891
0.125863158301
0.0223000776023
-0.433012701892
-0.75
0.5
0.25
0.433012701892
0.866025403784
-0.866025403784
0.5
4.3422297008e-17
-0.0727291910357
-0.125977025525
0.0223000776023
0.433012701892
0.75
0.5
-0.25
-0.433012701892
0.866025403784
0.866025403784
-0.5
8.33344894827e-17
-0.0727291910357
-0.125977025525
0.0223000776023
0.164335549531
-0.972222222222
0.166666666667
0.0277777777778
-0.164335549531
-0.986013297183
0.986013297183
0.166666666667
1.29860315209e-16
-0.0242625250607
0.143309397753
0.0223000776023
-0.164335549531
0.972222222222
-0.166666666667
-0.0277777777778
0.164335549531
0.986013297183
0.986013297183
0.166666666667
1.21430643318e-16
0.0242041409142
-0.143423264976
0.0223000776023
-0.164335549531
0.972222222222
0.166666666667
-0.0277777777778
0.164335549531
-0.986013297183
-0.986013297183
-0.166666666667
2.03830008427e-16
-0.0242625250607
0.143309397753
0.0223000776023
0.164335549531
-0.972222222222
-0.166666666667
0.0277777777778
-0.164335549531
0.986013297183
-0.986013297183
-0.166666666667
9.28348110191e-17
0.0242041409142
-0.143423264976
0.0223000776023
0.164335549531
0.972222222222
-0.166666666667
-0.0277777777778
-0.164335549531
-0.986013297183
-0.986013297183
0.166666666667
2.03830008427e-16
0.0242041409142
0.143309397753
0.0223000776023
0.164335549531
0.972222222222
0.166666666667
-0.0277777777778
-0.164335549531
0.986013297183
0.986013297183
-0.166666666667
3.31847179944e-16
-0.0242625250607
-0.143423264976
0.0223000776023
-0.164335549531
-0.972222222222
0.166666666667
0.0277777777778
0.164335549531
0.986013297183
-0.986013297183
0.166666666667
1.03541307472e-17
-0.0242625250607
-0.143423264976
0.0223000776023
-0.164335549531
-0.972222222222
-0.166666666667
0.0277777777778
0.164335549531
-0.986013297183
0.986013297183
-0.166666666667
1.01318693019e-16
0.0242041409142
0.143309397753
0.0223000776023
1.57046684685e-16
0.0
1.0
0.0
1.0
0.0
-1.0
0.0
1.57046684685e-16
-0.145429189998
-5.69336116314e-05
0.0223000776023
-1.56992474576e-16
-1.83264271271e-32
-1.0
1.22460635382e-16
-1.0
-8.96761130355e-34
-1.0
-1.22460635382e-16
1.57046684685e-16
0.145370805852
-5.69336116314e-05
0.0223000776023
0.164335549531
-0.972222222222
0.166666666667
0.0277777777778
-0.164335549531
-0.986013297183
0.986013297183
0.166666666667
1.29860315209e-16
-0.0171880989886
0.10145652869
0.0223000776023
-0.164335549531
0.972222222222
-0.166666666667
-0.0277777777778
0.164335549531
0.986013297183
0.986013297183
0.166666666667
1.21430643318e-16
0.017129714842
-0.101570395913
0.0223000776023
-0.164335549531
0.972222222222
0.166666666667
-0.0277777777778
0.164335549531
-0.986013297183
-0.986013297183
-0.166666666667
2.03830008427e-16
-0.0171880989886
0.10145652869
0.0223000776023
0.164335549531
-0.972222222222
-0.166666666667
0.0277777777778
-0.164335549531
0.986013297183
-0.986013297183
-0.166666666667
9.28348110191e-17
0.017129714842
-0.101570395913
0.0223000776023
-0.164335549531
0.972222222222
0.166666666667
-0.0277777777778
0.164335549531
-0.986013297183
-0.986013297183
-0.166666666667
2.03830008427e-16
-0.0229291917274
0.135421291375
0.0223000776023
0.164335549531
-0.972222222222
-0.166666666667
0.0277777777778
-0.164335549531
0.986013297183
-0.986013297183
-0.166666666667
9.28348110191e-17
0.0228708075809
-0.135535158598
0.0223000776023
-0.164335549531
0.972222222222
-0.166666666667
-0.0277777777778
0.164335549531
0.986013297183
0.986013297183
0.166666666667
1.21430643318e-16
0.0228708075809
-0.135535158598
0.0223000776023
0.164335549531
-0.972222222222
0.166666666667
0.0277777777778
-0.164335549531
-0.986013297183
0.986013297183
0.166666666667
1.29860315209e-16
-0.0229291917274
0.135421291375
0.0223000776023
0.164335549531
0.972222222222
0.166666666667
-0.0277777777778
-0.164335549531
0.986013297183
0.986013297183
-0.166666666667
3.31847179944e-16
-0.0229291917274
-0.135535158598
0.0223000776023
-0.164335549531
-0.972222222222
-0.166666666667
0.0277777777778
0.164335549531
-0.986013297183
0.986013297183
-0.166666666667
1.01318693019e-16
0.0228708075809
0.135421291375
0.0223000776023
0.164335549531
0.972222222222
-0.166666666667
-0.0277777777778
-0.164335549531
-0.986013297183
-0.986013297183
0.166666666667
2.03830008427e-16
0.0228708075809
0.135421291375
0.0223000776023
-0.164335549531
-0.972222222222
0.166666666667
0.0277777777778
0.164335549531
0.986013297183
-0.986013297183
0.166666666667
1.03541307472e-17
-0.0229291917274
-0.135535158598
0.0223000776023
0.164335549531
0.972222222222
0.166666666667
-0.0277777777778
-0.164335549531
0.986013297183
0.986013297183
-0.166666666667
3.31847179944e-16
-0.0171880989886
-0.101570395913
0.0223000776023
0.164335549531
0.972222222222
-0.166666666667
-0.0277777777778
-0.164335549531
-0.986013297183
-0.986013297183
0.166666666667
2.03830008427e-16
0.017129714842
0.10145652869
0.0223000776023
-0.164335549531
-0.972222222222
0.166666666667
0.0277777777778
0.164335549531
0.986013297183
-0.986013297183
0.166666666667
1.03541307472e-17
-0.0171880989886
-0.101570395913
0.0223000776023
-0.164335549531
-0.972222222222
-0.166666666667
0.0277777777778
0.164335549531
-0.986013297183
0.986013297183
-0.166666666667
1.01318693019e-16
0.017129714842
0.10145652869
0.0223000776023
-0.433012701892
0.75
-0.5
-0.25
0.433012701892
0.866025403784
0.866025403784
0.5
8.2670415652e-17
0.0642974898715
-0.111474015022
0.0223000776023
0.433012701892
-0.75
0.5
0.25
-0.433012701892
-0.866025403784
0.866025403784
0.5
-6.8250526758e-17
-0.064355874018
0.111360147799
0.0223000776023
0.433012701892
-0.75
-0.5
0.25
-0.433012701892
0.866025403784
-0.866025403784
-0.5
9.2787377174e-17
0.0642974898715
-0.111474015022
0.0223000776023
-0.433012701892
0.75
0.5
-0.25
0.433012701892
-0.866025403784
-0.866025403784
-0.5
1.13787018002e-16
-0.064355874018
0.111360147799
0.0223000776023
-1.56992474576e-16
-1.83264271271e-32
1.0
1.22460635382e-16
-1.0
8.96761130355e-34
1.0
1.22460635382e-16
1.57046684685e-16
-0.137429189998
-5.69336116314e-05
0.0223000776023
-5.55111512313e-16
-1.0
-1.11022302463e-16
1.11022302463e-16
1.11022302463e-16
-1.0
1.0
-5.55111512313e-16
1.11022302463e-16
-2.91920732707e-05
0.137343064313
0.0223000776023
-2.22044604925e-16
1.0
0.0
-2.22044604925e-16
0.0
1.0
1.0
2.22044604925e-16
2.22044604925e-16
-2.91920732707e-05
-0.137456931536
0.0223000776023
-2.22044604925e-16
1.0
0.0
-2.22044604925e-16
0.0
-1.0
-1.0
-2.22044604925e-16
2.22044604925e-16
-2.91920732707e-05
0.137343064313
0.0223000776023
-5.55111512313e-16
-1.0
1.11022302463e-16
1.11022302463e-16
1.11022302463e-16
1.0
-1.0
5.55111512313e-16
1.11022302463e-16
-2.91920732707e-05
-0.137456931536
0.0223000776023
1.57046684685e-16
-0
-1.0
0.0
1.0
-0
1.0
0.0
1.57046684685e-16
0.137370805852
-5.69336116314e-05
0.0223000776023
1.57046684685e-16
0.0
1.0
0.0
1.0
0.0
-1.0
0.0
1.57046684685e-16
-0.137429189998
-5.69336116314e-05
0.0223000776023
-1.56992474576e-16
-1.83264271271e-32
-1.0
1.22460635382e-16
-1.0
-8.96761130355e-34
-1.0
-1.22460635382e-16
1.57046684685e-16
0.137370805852
-5.69336116314e-05
0.0223000776023
0.164335549531
0.972222222222
-0.166666666667
-0.0277777777778
-0.164335549531
-0.986013297183
-0.986013297183
0.166666666667
2.03830008427e-16
0.0214130352416
0.126796993911
0.0223000776023
-0.164335549531
-0.972222222222
0.166666666667
0.0277777777778
0.164335549531
0.986013297183
-0.986013297183
0.166666666667
1.03541307472e-17
-0.0214714193882
-0.126910861134
0.0223000776023
0.164335549531
0.972222222222
0.166666666667
-0.0277777777778
-0.164335549531
0.986013297183
0.986013297183
-0.166666666667
3.31847179944e-16
-0.0214714193882
-0.126910861134
0.0223000776023
-0.164335549531
-0.972222222222
-0.166666666667
0.0277777777778
0.164335549531
-0.986013297183
0.986013297183
-0.166666666667
1.01318693019e-16
0.0214130352416
0.126796993911
0.0223000776023
-0.164335549531
0.972222222222
0.166666666667
-0.0277777777778
0.164335549531
-0.986013297183
-0.986013297183
-0.166666666667
2.03830008427e-16
-0.0214714193882
0.126796993911
0.0223000776023
0.164335549531
-0.972222222222
-0.166666666667
0.0277777777778
-0.164335549531
0.986013297183
-0.986013297183
-0.166666666667
9.28348110191e-17
0.0214130352416
-0.126910861134
0.0223000776023
-0.164335549531
0.972222222222
-0.166666666667
-0.0277777777778
0.164335549531
0.986013297183
0.986013297183
0.166666666667
1.21430643318e-16
0.0214130352416
-0.126910861134
0.0223000776023
0.164335549531
-0.972222222222
0.166666666667
0.0277777777778
-0.164335549531
-0.986013297183
0.986013297183
0.166666666667
1.29860315209e-16
-0.0214714193882
0.126796993911
0.0223000776023
-0.164335549531
0.972222222222
0.166666666667
-0.0277777777778
0.164335549531
-0.986013297183
-0.986013297183
-0.166666666667
2.03830008427e-16
-0.0201380860548
0.118908887533
0.0223000776023
0.164335549531
-0.972222222222
-0.166666666667
0.0277777777778
-0.164335549531
0.986013297183
-0.986013297183
-0.166666666667
9.28348110191e-17
0.0200797019083
-0.119022754757
0.0223000776023
-0.164335549531
0.972222222222
-0.166666666667
-0.0277777777778
0.164335549531
0.986013297183
0.986013297183
0.166666666667
1.21430643318e-16
0.0200797019083
-0.119022754757
0.0223000776023
0.164335549531
-0.972222222222
0.166666666667
0.0277777777778
-0.164335549531
-0.986013297183
0.986013297183
0.166666666667
1.29860315209e-16
-0.0201380860548
0.118908887533
0.0223000776023
0.164335549531
0.972222222222
0.166666666667
-0.0277777777778
-0.164335549531
0.986013297183
0.986013297183
-0.166666666667
3.31847179944e-16
-0.0201380860548
-0.119022754757
0.0223000776023
-0.164335549531
-0.972222222222
-0.166666666667
0.0277777777778
0.164335549531
-0.986013297183
0.986013297183
-0.166666666667
1.01318693019e-16
0.0200797019083
0.118908887533
0.0223000776023
0.164335549531
0.972222222222
-0.166666666667
-0.0277777777778
-0.164335549531
-0.986013297183
-0.986013297183
0.166666666667
2.03830008427e-16
0.0200797019083
0.118908887533
0.0223000776023
-0.164335549531
-0.972222222222
0.166666666667
0.0277777777778
0.164335549531
0.986013297183
-0.986013297183
0.166666666667
1.03541307472e-17
-0.0201380860548
-0.119022754757
0.0223000776023
-1.56992474576e-16
-1.83264271271e-32
-1.0
1.22460635382e-16
-1.0
-8.96761130355e-34
-1.0
-1.22460635382e-16
1.57046684685e-16
0.102924249418
-5.69336116314e-05
0.0223000776023
1.57046684685e-16
-0
-1.0
0.0
1.0
-0
1.0
0.0
1.57046684685e-16
0.102924249418
-5.69336116314e-05
0.0223000776023
-2.22044604925e-16
1.0
0.0
-2.22044604925e-16
0.0
1.0
1.0
2.22044604925e-16
2.22044604925e-16
-2.91920732707e-05
-0.103010375103
0.0223000776023
-5.55111512313e-16
-1.0
1.11022302463e-16
1.11022302463e-16
1.11022302463e-16
1.0
-1.0
5.55111512313e-16
1.11022302463e-16
-2.91920732707e-05
-0.103010375103
0.0223000776023
-2.22044604925e-16
1.0
0.0
-2.22044604925e-16
0.0
-1.0
-1.0
-2.22044604925e-16
2.22044604925e-16
-2.91920732707e-05
0.10289650788
0.0223000776023
-5.55111512313e-16
-1.0
-1.11022302463e-16
1.11022302463e-16
1.11022302463e-16
-1.0
1.0
-5.55111512313e-16
1.11022302463e-16
-2.91920732707e-05
0.10289650788
0.0223000776023
-1.56992474576e-16
-1.83264271271e-32
1.0
1.22460635382e-16
-1.0
8.96761130355e-34
1.0
1.22460635382e-16
1.57046684685e-16
-0.102982633565
-5.69336116314e-05
0.0223000776023
1.57046684685e-16
0.0
1.0
0.0
1.0
0.0
-1.0
0.0
1.57046684685e-16
-0.102982633565
-5.69336116314e-05
0.0223000776023
1.57046684685e-16
0.0
1.0
0.0
1.0
0.0
-1.0
0.0
1.57046684685e-16
-0.128682555963
-5.69336116314e-05
0.0223000776023
-1.56992474576e-16
-1.83264271271e-32
1.0
1.22460635382e-16
-1.0
8.96761130355e-34
1.0
1.22460635382e-16
1.57046684685e-16
-0.128682555963
-5.69336116314e-05
0.0223000776023
-2.22044604925e-16
1.0
0.0
-2.22044604925e-16
0.0
1.0
1.0
2.22044604925e-16
2.22044604925e-16
-2.91920732707e-05
-0.128710297501
0.0223000776023
-5.55111512313e-16
-1.0
-1.11022302463e-16
1.11022302463e-16
1.11022302463e-16
-1.0
1.0
-5.55111512313e-16
1.11022302463e-16
-2.91920732707e-05
0.128596430278
0.0223000776023
-2.22044604925e-16
1.0
0.0
-2.22044604925e-16
0.0
-1.0
-1.0
-2.22044604925e-16
2.22044604925e-16
-2.91920732707e-05
0.128596430278
0.0223000776023
-5.55111512313e-16
-1.0
1.11022302463e-16
1.11022302463e-16
1.11022302463e-16
1.0
-1.0
5.55111512313e-16
1.11022302463e-16
-2.91920732707e-05
-0.128710297501
0.0223000776023
-1.56992474576e-16
-1.83264271271e-32
-1.0
1.22460635382e-16
-1.0
-8.96761130355e-34
-1.0
-1.22460635382e-16
1.57046684685e-16
0.128624171816
-5.69336116314e-05
0.0223000776023
1.57046684685e-16
-0
-1.0
0.0
1.0
-0
1.0
0.0
1.57046684685e-16
0.128624171816
-5.69336116314e-05
0.0223000776023
1.57046684685e-16
0.0
1.0
0.0
1.0
0.0
-1.0
0.0
1.57046684685e-16
-0.120682555963
-5.69336116314e-05
0.0223000776023
-1.56992474576e-16
-1.83264271271e-32
1.0
1.22460635382e-16
-1.0
8.96761130355e-34
1.0
1.22460635382e-16
1.57046684685e-16
-0.120682555963
-5.69336116314e-05
0.0223000776023
-5.55111512313e-16
-1.0
-1.11022302463e-16
1.11022302463e-16
1.11022302463e-16
-1.0
1.0
-5.55111512313e-16
1.11022302463e-16
-2.91920732707e-05
0.120596430278
0.0223000776023
-2.22044604925e-16
1.0
0.0
-2.22044604925e-16
0.0
1.0
1.0
2.22044604925e-16
2.22044604925e-16
-2.91920732707e-05
-0.120710297501
0.0223000776023
-5.55111512313e-16
-1.0
1.11022302463e-16
1.11022302463e-16
1.11022302463e-16
1.0
-1.0
5.55111512313e-16
1.11022302463e-16
-2.91920732707e-05
-0.120710297501
0.0223000776023
-2.22044604925e-16
1.0
0.0
-2.22044604925e-16
0.0
-1.0
-1.0
-2.22044604925e-16
2.22044604925e-16
-2.91920732707e-05
0.120596430278
0.0223000776023
-1.56992474576e-16
-1.83264271271e-32
-1.0
1.22460635382e-16
-1.0
-8.96761130355e-34
-1.0
-1.22460635382e-16
1.57046684685e-16
0.120624171816
-5.69336116314e-05
0.0223000776023
1.57046684685e-16
-0
-1.0
0.0
1.0
-0
1.0
0.0
1.57046684685e-16
0.120624171816
-5.69336116314e-05
0.0223000776023
-5.55111512313e-16
-1.0
1.11022302463e-16
1.11022302463e-16
1.11022302463e-16
1.0
-1.0
5.55111512313e-16
1.11022302463e-16
-2.91920732707e-05
-0.145456931536
0.0223000776023
