-2.22044604925e-16
1.0
0.0
1.0
2.22044604925e-16
-1.22464679915e-16
-1.22464679915e-16
-2.46519032882e-32
-1.0
0.00865949876606
-0.000106498599052
0.188187499755
-4.4408920985e-16
-1.0
1.23259516441e-32
-1.0
4.4408920985e-16
-1.22464679915e-16
1.22464679915e-16
-7.39557098645e-32
-1.0
0.00865949876606
-0.000106498599052
0.188187499755
-4.4408920985e-16
-1.0
1.23259516441e-32
-1.0
4.4408920985e-16
-1.22464679915e-16
1.22464679915e-16
-7.39557098645e-32
-1.0
0.00865949876606
-0.000106498599052
0.188187499755
-2.22044604925e-16
1.0
0.0
1.0
2.22044604925e-16
-1.22464679915e-16
-1.22464679915e-16
-2.46519032882e-32
-1.0
0.00865949876606
-0.000106498599052
0.188187499755
-2.22044604925e-16
1.0
0.0
-1.0
-2.22044604925e-16
0.0
0.0
0.0
1.0
0.00865949876606
-0.000106498599052
-0.13142150011
-2.22044604925e-16
1.0
0.0
-1.0
-2.22044604925e-16
0.0
0.0
0.0
1.0
0.00865949876606
-0.000106498599052
-0.13142150011
-4.4408920985e-16
-1.0
0.0
1.0
-4.4408920985e-16
0.0
0.0
0.0
1.0
0.00865949876606
-0.000106498599052
-0.13142150011
-4.4408920985e-16
-1.0
0.0
1.0
-4.4408920985e-16
0.0
0.0
0.0
1.0
0.00865949876606
-0.000106498599052
-0.13142150011
-2.22044604925e-16
1.0
0.0
-1.0
-2.22044604925e-16
0.0
0.0
0.0
1.0
0.00865949876606
-0.000106498599052
-0.14442150011
-2.22044604925e-16
1.0
0.0
-1.0
-2.22044604925e-16
0.0
0.0
0.0
1.0
0.00865949876606
-0.000106498599052
-0.14442150011
-4.4408920985e-16
-1.0
0.0
1.0
-4.4408920985e-16
0.0
0.0
0.0
1.0
0.00865949876606
-0.000106498599052
-0.14442150011
-4.4408920985e-16
-1.0
0.0
1.0
-4.4408920985e-16
0.0
0.0
0.0
1.0
0.00865949876606
-0.000106498599052
-0.14442150011
-4.4408920985e-16
-1.0
1.23259516441e-32
-1.0
4.4408920985e-16
-1.22464679915e-16
1.22464679915e-16
-7.39557098645e-32
-1.0
0.00865949876606
-0.000106498599052
0.201187499755
-2.22044604925e-16
1.0
0.0
1.0
2.22044604925e-16
-1.22464679915e-16
-1.22464679915e-16
-2.46519032882e-32
-1.0
0.00865949876606
-0.000106498599052
0.201187499755
-4.4408920985e-16
-1.0
1.23259516441e-32
-1.0
4.4408920985e-16
-1.22464679915e-16
1.22464679915e-16
-7.39557098645e-32
-1.0
0.00865949876606
-0.000106498599052
0.201187499755
-2.22044604925e-16
1.0
0.0
1.0
2.22044604925e-16
-1.22464679915e-16
-1.22464679915e-16
-2.46519032882e-32
-1.0
0.00865949876606
-0.000106498599052
0.201187499755
-2.22044604925e-16
1.0
0.0
-1.0
-2.22044604925e-16
0.0
0.0
0.0
1.0
0.00865949876606
-0.000106498599052
-0.150599999615
-2.22044604925e-16
1.0
0.0
-1.0
-2.22044604925e-16
0.0
0.0
0.0
1.0
0.00865949876606
-0.000106498599052
-0.150599999615
-4.4408920985e-16
-1.0
0.0
1.0
-4.4408920985e-16
0.0
0.0
0.0
1.0
0.00865949876606
-0.000106498599052
-0.150599999615
-4.4408920985e-16
-1.0
0.0
1.0
-4.4408920985e-16
0.0
0.0
0.0
1.0
0.00865949876606
-0.000106498599052
-0.150599999615
-2.22044604925e-16
1.0
0.0
1.0
2.22044604925e-16
-1.22464679915e-16
-1.22464679915e-16
-2.46519032882e-32
-1.0
0.00865949876606
-0.000106498599052
0.20736599926
-2.22044604925e-16
1.0
0.0
1.0
2.22044604925e-16
-1.22464679915e-16
-1.22464679915e-16
-2.46519032882e-32
-1.0
0.00865949876606
-0.000106498599052
0.20736599926
-4.4408920985e-16
-1.0
1.23259516441e-32
-1.0
4.4408920985e-16
-1.22464679915e-16
1.22464679915e-16
-7.39557098645e-32
-1.0
0.00865949876606
-0.000106498599052
0.20736599926
-4.4408920985e-16
-1.0
1.23259516441e-32
-1.0
4.4408920985e-16
-1.22464679915e-16
1.22464679915e-16
-7.39557098645e-32
-1.0
0.00865949876606
-0.000106498599052
0.20736599926
-2.22044604925e-16
1.0
0.0
1.0
2.22044604925e-16
-1.22464679915e-16
-1.22464679915e-16
-2.46519032882e-32
-1.0
0.00865949876606
-0.000106498599052
0.218982999437
-4.4408920985e-16
-1.0
1.23259516441e-32
-1.0
4.4408920985e-16
-1.22464679915e-16
1.22464679915e-16
-7.39557098645e-32
-1.0
0.00865949876606
-0.000106498599052
0.218982999437
-4.4408920985e-16
-1.0
1.23259516441e-32
-1.0
4.4408920985e-16
-1.22464679915e-16
1.22464679915e-16
-7.39557098645e-32
-1.0
0.00865949876606
-0.000106498599052
0.218982999437
-2.22044604925e-16
1.0
0.0
-1.0
-2.22044604925e-16
0.0
0.0
0.0
1.0
0.00865949876606
-0.000106498599052
-0.162216999792
-4.4408920985e-16
-1.0
0.0
1.0
-4.4408920985e-16
0.0
0.0
0.0
1.0
0.00865949876606
-0.000106498599052
-0.162216999792
-2.22044604925e-16
1.0
0.0
-1.0
-2.22044604925e-16
0.0
0.0
0.0
1.0
0.00865949876606
-0.000106498599052
-0.162216999792
-4.4408920985e-16
-1.0
0.0
1.0
-4.4408920985e-16
0.0
0.0
0.0
1.0
0.00865949876606
-0.000106498599052
-0.162216999792
-2.22044604925e-16
1.0
0.0
1.0
2.22044604925e-16
-1.22464679915e-16
-1.22464679915e-16
-2.46519032882e-32
-1.0
0.00865949876606
-0.000106498599052
0.218982999437
0.0
2.22044604925e-16
1.0
-1.0
-2.22044604925e-16
0.0
2.22044604925e-16
-1.0
2.22044604925e-16
-0.181940500849
-0.000106498599052
0.0283829998225
0.0
2.22044604925e-16
-1.0
-1.0
-2.22044604925e-16
0.0
-2.22044604925e-16
1.0
2.22044604925e-16
0.199259498381
-0.000106498599052
0.0283829998225
0.0
-1.11022302463e-16
-1.0
1.0
-6.66133814775e-16
1.11022302463e-16
-5.55111512313e-16
-1.0
0.0
0.199259498381
-0.000106498599052
0.0283829998225
0.0
-1.11022302463e-16
1.0
1.0
-6.66133814775e-16
-1.11022302463e-16
5.55111512313e-16
1.0
0.0
-0.181940500849
-0.000106498599052
0.0283829998225
0.0
2.22044604925e-16
1.0
-1.0
-2.22044604925e-16
0.0
2.22044604925e-16
-1.0
2.22044604925e-16
-0.194940500849
-0.000106498599052
0.0283829998225
0.0
2.22044604925e-16
-1.0
-1.0
-2.22044604925e-16
0.0
-2.22044604925e-16
1.0
2.22044604925e-16
0.212259498381
-0.000106498599052
0.0283829998225
0.0
-1.11022302463e-16
1.0
1.0
-6.66133814775e-16
-1.11022302463e-16
5.55111512313e-16
1.0
0.0
-0.194940500849
-0.000106498599052
0.0283829998225
0.0
-1.11022302463e-16
-1.0
1.0
-6.66133814775e-16
1.11022302463e-16
-5.55111512313e-16
-1.0
0.0
0.212259498381
-0.000106498599052
0.0283829998225
0.0
2.22044604925e-16
1.0
-1.0
-2.22044604925e-16
0.0
2.22044604925e-16
-1.0
2.22044604925e-16
-0.201119000353
-0.000106498599052
0.0283829998225
0.0
-1.11022302463e-16
-1.0
1.0
-6.66133814775e-16
1.11022302463e-16
-5.55111512313e-16
-1.0
0.0
0.218437997886
-0.000106498599052
0.0283829998225
0.0
-1.11022302463e-16
1.0
1.0
-6.66133814775e-16
-1.11022302463e-16
5.55111512313e-16
1.0
0.0
-0.201119000353
-0.000106498599052
0.0283829998225
0.0
2.22044604925e-16
-1.0
-1.0
-2.22044604925e-16
0.0
-2.22044604925e-16
1.0
2.22044604925e-16
0.218437997886
-0.000106498599052
0.0283829998225
0.0
-1.11022302463e-16
1.0
1.0
-6.66133814775e-16
-1.11022302463e-16
5.55111512313e-16
1.0
0.0
-0.212736000531
-0.000106498599052
0.0283829998225
0.0
-1.11022302463e-16
-1.0
1.0
-6.66133814775e-16
1.11022302463e-16
-5.55111512313e-16
-1.0
0.0
0.230054998063
-0.000106498599052
0.0283829998225
0.0
2.22044604925e-16
1.0
-1.0
-2.22044604925e-16
0.0
2.22044604925e-16
-1.0
2.22044604925e-16
-0.212736000531
-0.000106498599052
0.0283829998225
0.0
2.22044604925e-16
-1.0
-1.0
-2.22044604925e-16
0.0
-2.22044604925e-16
1.0
2.22044604925e-16
0.230054998063
-0.000106498599052
0.0283829998225
