-1.0
-1.22460635382e-16
-8.96761130355e-34
1.83264271271e-32
-1.56992474576e-16
1.0
-1.22460635382e-16
1.0
1.57046684685e-16
0.00114846602082
-0.14378334715
0.12
1.0
-0
0.0
0.0
1.57046684685e-16
1.0
-0
-1.0
1.57046684685e-16
0.00114846602082
-0.14378334715
0.12
0.0
2.22044604925e-16
-1.0
-1.0
-2.22044604925e-16
0.0
-2.22044604925e-16
1.0
2.22044604925e-16
0.138199006607
-0.00673280656338
0.12
1.11022302463e-16
-1.11022302463e-16
-1.0
1.0
-5.55111512313e-16
1.11022302463e-16
-5.55111512313e-16
-1.0
1.11022302463e-16
0.138199006607
-0.00673280656338
0.12
0.0
2.22044604925e-16
1.0
-1.0
-2.22044604925e-16
0.0
2.22044604925e-16
-1.0
2.22044604925e-16
-0.135902074566
-0.00673280656338
0.12
1.11022302463e-16
-1.11022302463e-16
1.0
1.0
-5.55111512313e-16
-1.11022302463e-16
5.55111512313e-16
1.0
1.11022302463e-16
-0.135902074566
-0.00673280656338
0.12
-1.0
-1.22460635382e-16
8.96761130355e-34
1.83264271271e-32
-1.56992474576e-16
-1.0
1.22460635382e-16
-1.0
1.57046684685e-16
0.00114846602082
0.130317734023
0.12
1.0
0.0
0.0
0.0
1.57046684685e-16
-1.0
0.0
1.0
1.57046684685e-16
0.00114846602082
0.130317734023
0.12
-1.0
-1.22460635382e-16
-8.96761130355e-34
1.83264271271e-32
-1.56992474576e-16
1.0
-1.22460635382e-16
1.0
1.57046684685e-16
0.00114846602082
-0.128957892505
0.12
1.0
-0
0.0
0.0
1.57046684685e-16
1.0
-0
-1.0
1.57046684685e-16
0.00114846602082
-0.128957892505
0.12
0.0
2.22044604925e-16
-1.0
-1.0
-2.22044604925e-16
0.0
-2.22044604925e-16
1.0
2.22044604925e-16
0.123373551962
-0.00673280656338
0.12
1.11022302463e-16
-1.11022302463e-16
-1.0
1.0
-5.55111512313e-16
1.11022302463e-16
-5.55111512313e-16
-1.0
1.11022302463e-16
0.123373551962
-0.00673280656338
0.12
0.0
2.22044604925e-16
1.0
-1.0
-2.22044604925e-16
0.0
2.22044604925e-16
-1.0
2.22044604925e-16
-0.121076619921
-0.00673280656338
0.12
1.11022302463e-16
-1.11022302463e-16
1.0
1.0
-5.55111512313e-16
-1.11022302463e-16
5.55111512313e-16
1.0
1.11022302463e-16
-0.121076619921
-0.00673280656338
0.12
1.0
-6.7454623078e-17
6.7454623078e-17
-6.7454623078e-17
1.57046684685e-16
1.0
-6.7454623078e-17
-1.0
1.57046684685e-16
0.00114846602082
-0.128957892505
0.111646559142
-1.0
-5.50060123042e-17
6.7454623078e-17
6.7454623078e-17
-1.56992474576e-16
1.0
-5.50060123042e-17
1.0
1.57046684685e-16
0.00114846602082
-0.128957892505
0.111646559142
1.0
6.7454623078e-17
6.7454623078e-17
6.7454623078e-17
1.57046684685e-16
-1.0
-6.7454623078e-17
1.0
1.57046684685e-16
0.00114846602082
0.130317734023
0.111646559142
1.0
-6.7454623078e-17
6.7454623078e-17
-6.7454623078e-17
1.57046684685e-16
1.0
-6.7454623078e-17
-1.0
1.57046684685e-16
0.00114846602082
-0.14378334715
0.111646559142
1.0
0.0
0.0
0.0
1.57046684685e-16
-1.0
0.0
1.0
1.57046684685e-16
0.00114846602082
0.115492279378
0.12
-1.0
-1.22460635382e-16
8.96761130355e-34
1.83264271271e-32
-1.56992474576e-16
-1.0
1.22460635382e-16
-1.0
1.57046684685e-16
0.00114846602082
0.115492279378
0.12
-1.0
-5.50060123042e-17
6.7454623078e-17
6.7454623078e-17
-1.56992474576e-16
1.0
-5.50060123042e-17
1.0
1.57046684685e-16
0.00114846602082
-0.14378334715
0.111646559142
-1.0
-1.8991525846e-16
6.7454623078e-17
-6.7454623078e-17
-1.56992474576e-16
-1.0
1.8991525846e-16
-1.0
1.57046684685e-16
0.00114846602082
0.130317734023
0.111646559142
-1.0
-1.8991525846e-16
6.7454623078e-17
-6.7454623078e-17
-1.56992474576e-16
-1.0
1.8991525846e-16
-1.0
1.57046684685e-16
0.00114846602082
0.115492279378
0.111646559142
1.0
6.7454623078e-17
6.7454623078e-17
6.7454623078e-17
1.57046684685e-16
-1.0
-6.7454623078e-17
1.0
1.57046684685e-16
0.00114846602082
0.115492279378
0.111646559142
-1.0
-1.22460635382e-16
-8.96761130355e-34
1.83264271271e-32
-1.56992474576e-16
1.0
-1.22460635382e-16
1.0
1.57046684685e-16
0.00114846602082
-0.14378334715
0.0912448970228
1.0
-0
0.0
0.0
1.57046684685e-16
1.0
-0
-1.0
1.57046684685e-16
0.00114846602082
-0.14378334715
0.0912448970228
0.0
2.22044604925e-16
1.0
-1.0
-2.22044604925e-16
0.0
2.22044604925e-16
-1.0
2.22044604925e-16
-0.135902074566
-0.00673280656338
0.0912448970228
1.11022302463e-16
-1.11022302463e-16
1.0
1.0
-5.55111512313e-16
-1.11022302463e-16
5.55111512313e-16
1.0
1.11022302463e-16
-0.135902074566
-0.00673280656338
0.0912448970228
1.11022302463e-16
-1.11022302463e-16
-1.0
1.0
-5.55111512313e-16
1.11022302463e-16
-5.55111512313e-16
-1.0
1.11022302463e-16
0.138199006607
-0.00673280656338
0.0912448970228
0.0
2.22044604925e-16
-1.0
-1.0
-2.22044604925e-16
0.0
-2.22044604925e-16
1.0
2.22044604925e-16
0.138199006607
-0.00673280656338
0.0912448970228
1.0
0.0
0.0
0.0
1.57046684685e-16
-1.0
0.0
1.0
1.57046684685e-16
0.00114846602082
0.130317734023
0.0912448970228
-1.0
-1.22460635382e-16
-8.96761130355e-34
1.83264271271e-32
-1.56992474576e-16
1.0
-1.22460635382e-16
1.0
1.57046684685e-16
0.00114846602082
-0.128957892505
0.0912448970228
-1.0
-1.22460635382e-16
8.96761130355e-34
1.83264271271e-32
-1.56992474576e-16
-1.0
1.22460635382e-16
-1.0
1.57046684685e-16
0.00114846602082
0.130317734023
0.0912448970228
1.0
-0
0.0
0.0
1.57046684685e-16
1.0
-0
-1.0
1.57046684685e-16
0.00114846602082
-0.128957892505
0.0912448970228
0.0
2.22044604925e-16
-1.0
-1.0
-2.22044604925e-16
0.0
-2.22044604925e-16
1.0
2.22044604925e-16
0.123373551962
-0.00673280656338
0.0912448970228
0.0
2.22044604925e-16
1.0
-1.0
-2.22044604925e-16
0.0
2.22044604925e-16
-1.0
2.22044604925e-16
-0.121076619921
-0.00673280656338
0.0912448970228
1.11022302463e-16
-1.11022302463e-16
-1.0
1.0
-5.55111512313e-16
1.11022302463e-16
-5.55111512313e-16
-1.0
1.11022302463e-16
0.123373551962
-0.00673280656338
0.0912448970228
1.11022302463e-16
-1.11022302463e-16
1.0
1.0
-5.55111512313e-16
-1.11022302463e-16
5.55111512313e-16
1.0
1.11022302463e-16
-0.121076619921
-0.00673280656338
0.0912448970228
-1.0
-1.22460635382e-16
8.96761130355e-34
1.83264271271e-32
-1.56992474576e-16
-1.0
1.22460635382e-16
-1.0
1.57046684685e-16
0.00114846602082
0.115492279378
0.0912448970228
1.0
0.0
0.0
0.0
1.57046684685e-16
-1.0
0.0
1.0
1.57046684685e-16
0.00114846602082
0.115492279378
0.0912448970228
-1.0
-2.83643031313e-16
1.61182395931e-16
-1.61182395931e-16
-1.56992474576e-16
-1.0
2.83643031313e-16
-1.0
1.57046684685e-16
0.00114846602082
0.130317734023
0.0323454738187
1.0
1.61182395931e-16
1.61182395931e-16
1.61182395931e-16
1.57046684685e-16
-1.0
-1.61182395931e-16
1.0
1.57046684685e-16
0.00114846602082
0.130317734023
0.0323454738187
1.0
-1.61182395931e-16
1.61182395931e-16
-1.61182395931e-16
1.57046684685e-16
1.0
-1.61182395931e-16
-1.0
1.57046684685e-16
0.00114846602082
-0.128957892505
0.0323454738187
1.0
-1.61182395931e-16
1.61182395931e-16
-1.61182395931e-16
1.57046684685e-16
1.0
-1.61182395931e-16
-1.0
1.57046684685e-16
0.00114846602082
-0.14378334715
0.0323454738187
-1.0
3.87217605488e-17
1.61182395931e-16
1.61182395931e-16
-1.56992474576e-16
1.0
3.87217605488e-17
1.0
1.57046684685e-16
0.00114846602082
-0.14378334715
0.0323454738187
-1.0
3.87217605488e-17
1.61182395931e-16
1.61182395931e-16
-1.56992474576e-16
1.0
3.87217605488e-17
1.0
1.57046684685e-16
0.00114846602082
-0.128957892505
0.0323454738187
-1.0
-2.83643031313e-16
1.61182395931e-16
-1.61182395931e-16
-1.56992474576e-16
-1.0
2.83643031313e-16
-1.0
1.57046684685e-16
0.00114846602082
0.115492279378
0.0323454738187
1.0
1.61182395931e-16
1.61182395931e-16
1.61182395931e-16
1.57046684685e-16
-1.0
-1.61182395931e-16
1.0
1.57046684685e-16
0.00114846602082
0.115492279378
0.0323454738187
2.22044604925e-16
2.22044604925e-16
1.0
-1.0
-4.4408920985e-16
2.22044604925e-16
4.4408920985e-16
-1.0
2.22044604925e-16
-0.135902074566
-0.00673280656338
0.0159216812929
-2.22044604925e-16
2.22044604925e-16
-1.0
-1.0
0.0
2.22044604925e-16
0.0
1.0
2.22044604925e-16
0.138199006607
-0.00673280656338
0.0159216812929
1.11022302463e-16
-1.11022302463e-16
-1.0
1.0
-5.55111512313e-16
1.11022302463e-16
-5.55111512313e-16
-1.0
1.11022302463e-16
0.138199006607
-0.00673280656338
0.0159216812929
-1.11022302463e-16
-1.11022302463e-16
1.0
1.0
-3.33066907388e-16
1.11022302463e-16
3.33066907388e-16
1.0
1.11022302463e-16
-0.135902074566
-0.00673280656338
0.0159216812929
1.11022302463e-16
-1.11022302463e-16
-1.0
1.0
-5.55111512313e-16
1.11022302463e-16
-5.55111512313e-16
-1.0
1.11022302463e-16
0.123373551962
-0.00673280656338
0.0159216812929
-2.22044604925e-16
2.22044604925e-16
-1.0
-1.0
0.0
2.22044604925e-16
0.0
1.0
2.22044604925e-16
0.123373551962
-0.00673280656338
0.0159216812929
-1.11022302463e-16
-1.11022302463e-16
1.0
1.0
-3.33066907388e-16
1.11022302463e-16
3.33066907388e-16
1.0
1.11022302463e-16
-0.121076619921
-0.00673280656338
0.0159216812929
2.22044604925e-16
2.22044604925e-16
1.0
-1.0
-4.4408920985e-16
2.22044604925e-16
4.4408920985e-16
-1.0
2.22044604925e-16
-0.121076619921
-0.00673280656338
0.0159216812929
-1.0
-1.22460635382e-16
-8.96761130355e-34
1.83264271271e-32
-1.56992474576e-16
1.0
-1.22460635382e-16
1.0
1.57046684685e-16
0.00114846602082
-0.14378334715
0.0412448970228
1.11022302463e-16
-1.11022302463e-16
1.0
1.0
-5.55111512313e-16
-1.11022302463e-16
5.55111512313e-16
1.0
1.11022302463e-16
-0.135902074566
-0.00673280656338
0.0412448970228
0.0
2.22044604925e-16
1.0
-1.0
-2.22044604925e-16
0.0
2.22044604925e-16
-1.0
2.22044604925e-16
-0.135902074566
-0.00673280656338
0.0412448970228
-1.0
-1.22460635382e-16
8.96761130355e-34
1.83264271271e-32
-1.56992474576e-16
-1.0
1.22460635382e-16
-1.0
1.57046684685e-16
0.00114846602082
0.130317734023
0.0412448970228
1.0
-0
0.0
0.0
1.57046684685e-16
1.0
-0
-1.0
1.57046684685e-16
0.00114846602082
-0.14378334715
0.0412448970228
0.0
2.22044604925e-16
-1.0
-1.0
-2.22044604925e-16
0.0
-2.22044604925e-16
1.0
2.22044604925e-16
0.138199006607
-0.00673280656338
0.0412448970228
1.0
0.0
0.0
0.0
1.57046684685e-16
-1.0
0.0
1.0
1.57046684685e-16
0.00114846602082
0.130317734023
0.0412448970228
1.0
-0
0.0
0.0
1.57046684685e-16
1.0
-0
-1.0
1.57046684685e-16
0.00114846602082
-0.128957892505
0.0412448970228
0.0
2.22044604925e-16
1.0
-1.0
-2.22044604925e-16
0.0
2.22044604925e-16
-1.0
2.22044604925e-16
-0.121076619921
-0.00673280656338
0.0412448970228
1.11022302463e-16
-1.11022302463e-16
-1.0
1.0
-5.55111512313e-16
1.11022302463e-16
-5.55111512313e-16
-1.0
1.11022302463e-16
0.138199006607
-0.00673280656338
0.0412448970228
1.11022302463e-16
-1.11022302463e-16
-1.0
1.0
-5.55111512313e-16
1.11022302463e-16
-5.55111512313e-16
-1.0
1.11022302463e-16
0.123373551962
-0.00673280656338
0.0412448970228
-1.0
-1.22460635382e-16
-8.96761130355e-34
1.83264271271e-32
-1.56992474576e-16
1.0
-1.22460635382e-16
1.0
1.57046684685e-16
0.00114846602082
-0.128957892505
0.0412448970228
1.11022302463e-16
-1.11022302463e-16
1.0
1.0
-5.55111512313e-16
-1.11022302463e-16
5.55111512313e-16
1.0
1.11022302463e-16
-0.121076619921
-0.00673280656338
0.0412448970228
0.0
2.22044604925e-16
-1.0
-1.0
-2.22044604925e-16
0.0
-2.22044604925e-16
1.0
2.22044604925e-16
0.123373551962
-0.00673280656338
0.0412448970228
-1.0
-1.22460635382e-16
8.96761130355e-34
1.83264271271e-32
-1.56992474576e-16
-1.0
1.22460635382e-16
-1.0
1.57046684685e-16
0.00114846602082
0.115492279378
0.0412448970228
1.0
0.0
0.0
0.0
1.57046684685e-16
-1.0
0.0
1.0
1.57046684685e-16
0.00114846602082
0.115492279378
0.0412448970228
