-4.4408920985e-16
-1.0
0.0
1.0
-4.4408920985e-16
0.0
0.0
0.0
1.0
-0.00785993475536
-2.84730387554e-18
-0.0973999979248
-2.22044604925e-16
1.0
0.0
1.0
2.22044604925e-16
-1.22464679915e-16
-1.22464679915e-16
-2.46519032882e-32
-1.0
0.00785993475536
2.53195727749e-17
0.19040000013
-1.0
-1.22464679915e-16
0.0
2.46519032882e-32
-2.22044604925e-16
-1.0
1.22464679915e-16
-1.0
2.22044604925e-16
0.0
0.137399997925
0.0465000011027
0.0
-1.11022302463e-16
1.0
1.0
-6.66133814775e-16
-1.11022302463e-16
5.55111512313e-16
1.0
0.0
-0.137399997925
7.60502771868e-18
0.0465000011027
-1.0
-1.22464679915e-16
0.0
2.46519032882e-32
-2.22044604925e-16
1.0
-1.22464679915e-16
1.0
2.22044604925e-16
0.0
-0.137399997925
0.0465000011027
0.0
2.22044604925e-16
1.0
-1.0
-2.22044604925e-16
0.0
2.22044604925e-16
-1.0
2.22044604925e-16
-0.137399997925
0.0
0.0465000011027
1.0
-0.0
0.0
0.0
2.22044604925e-16
1.0
-0.0
-1.0
2.22044604925e-16
0.0
-0.137399997925
0.0465000011027
0.0
2.22044604925e-16
-1.0
-1.0
-2.22044604925e-16
0.0
-2.22044604925e-16
1.0
2.22044604925e-16
0.137399997925
0.0
0.0465000011027
1.0
0.0
0.0
0.0
2.22044604925e-16
-1.0
0.0
1.0
2.22044604925e-16
0.0
0.137399997925
0.0465000011027
0.0
-1.11022302463e-16
-1.0
1.0
-6.66133814775e-16
1.11022302463e-16
-5.55111512313e-16
-1.0
0.0
0.137399997925
-7.60502771868e-18
0.0465000011027
-4.4408920985e-16
-1.0
1.23259516441e-32
-1.0
4.4408920985e-16
-1.22464679915e-16
1.22464679915e-16
-7.39557098645e-32
-1.0
-0.00785993475536
2.53195727749e-17
0.19040000013
0.0
-1.11022302463e-16
1.0
1.0
-6.66133814775e-16
-1.11022302463e-16
5.55111512313e-16
1.0
0.0
-0.139899998372
7.60502771868e-18
0.0465000011027
0.0
-1.11022302463e-16
-1.0
1.0
-6.66133814775e-16
1.11022302463e-16
-5.55111512313e-16
-1.0
0.0
0.139899998372
-7.60502771868e-18
0.0465000011027
0.0
2.22044604925e-16
-1.0
-1.0
-2.22044604925e-16
0.0
-2.22044604925e-16
1.0
2.22044604925e-16
0.139899998372
0.0
0.0465000011027
-1.0
-1.22464679915e-16
0.0
2.46519032882e-32
-2.22044604925e-16
1.0
-1.22464679915e-16
1.0
2.22044604925e-16
0.0
-0.139899998372
0.0465000011027
-6.66133814775e-16
-1.0
-1.11022302463e-16
1.11022302463e-16
0.0
-1.0
1.0
-5.55111512313e-16
0.0
7.60502771868e-18
0.139899998372
0.0465000011027
-2.22044604925e-16
1.0
0.0
-2.22044604925e-16
0.0
1.0
1.0
2.22044604925e-16
2.22044604925e-16
0.0
-0.139899998372
0.0465000011027
-6.66133814775e-16
-1.0
1.11022302463e-16
1.11022302463e-16
0.0
1.0
-1.0
5.55111512313e-16
0.0
-7.60502771868e-18
-0.139899998372
0.0465000011027
2.22044604925e-16
-0.0
-1.0
0.0
1.0
-0.0
1.0
0.0
2.22044604925e-16
0.139899998372
0.0
0.0465000011027
-2.22044604925e-16
-2.46519032882e-32
1.0
1.22464679915e-16
-1.0
0.0
1.0
1.22464679915e-16
2.22044604925e-16
-0.139899998372
0.0
0.0465000011027
-2.22044604925e-16
1.0
0.0
-2.22044604925e-16
0.0
-1.0
-1.0
-2.22044604925e-16
2.22044604925e-16
0.0
0.139899998372
0.0465000011027
-2.22044604925e-16
-2.46519032882e-32
-1.0
1.22464679915e-16
-1.0
0.0
-1.0
-1.22464679915e-16
2.22044604925e-16
0.139899998372
0.0
0.0465000011027
2.22044604925e-16
0.0
1.0
0.0
1.0
0.0
-1.0
0.0
2.22044604925e-16
-0.139899998372
0.0
0.0465000011027
-4.4408920985e-16
-1.0
1.23259516441e-32
-1.0
4.4408920985e-16
-1.22464679915e-16
1.22464679915e-16
-7.39557098645e-32
-1.0
0.0
1.67776611483e-17
0.19040000013
-1.0
-6.00327274978e-17
6.24319524169e-17
6.24319524169e-17
-2.22044604925e-16
1.0
-6.00327274978e-17
1.0
2.22044604925e-16
-8.57815013253e-18
-0.137399997925
0.0380462254001
-1.0
-1.84896632332e-16
6.24319524169e-17
-6.24319524169e-17
-2.22044604925e-16
-1.0
1.84896632332e-16
-1.0
2.22044604925e-16
-8.57815013253e-18
0.137399997925
0.0380462254001
1.0
6.24319524169e-17
6.24319524169e-17
6.24319524169e-17
2.22044604925e-16
-1.0
-6.24319524169e-17
1.0
2.22044604925e-16
-8.57815013253e-18
0.137399997925
0.0380462254001
1.0
-6.24319524169e-17
6.24319524169e-17
-6.24319524169e-17
2.22044604925e-16
1.0
-6.24319524169e-17
-1.0
2.22044604925e-16
-8.57815013253e-18
-0.137399997925
0.0380462254001
-1.0
-1.84896632332e-16
6.24319524169e-17
-6.24319524169e-17
-2.22044604925e-16
-1.0
1.84896632332e-16
-1.0
2.22044604925e-16
-8.57815013253e-18
0.137399997925
0.0549537768052
1.0
-6.24319524169e-17
6.24319524169e-17
-6.24319524169e-17
2.22044604925e-16
1.0
-6.24319524169e-17
-1.0
2.22044604925e-16
-8.57815013253e-18
-0.137399997925
0.0549537768052
1.0
6.24319524169e-17
6.24319524169e-17
6.24319524169e-17
2.22044604925e-16
-1.0
-6.24319524169e-17
1.0
2.22044604925e-16
-8.57815013253e-18
0.137399997925
0.0549537768052
-1.0
-6.00327274978e-17
6.24319524169e-17
6.24319524169e-17
-2.22044604925e-16
1.0
-6.00327274978e-17
1.0
2.22044604925e-16
-8.57815013253e-18
-0.137399997925
0.0549537768052
1.0
-6.24319524169e-17
6.24319524169e-17
-6.24319524169e-17
2.22044604925e-16
1.0
-6.24319524169e-17
-1.0
2.22044604925e-16
-8.73423004148e-18
-0.139899998372
0.0549537768052
-1.0
-1.84896632332e-16
6.24319524169e-17
-6.24319524169e-17
-2.22044604925e-16
-1.0
1.84896632332e-16
-1.0
2.22044604925e-16
-8.73423004148e-18
0.139899998372
0.0549537768052
-2.22044604925e-16
1.0
0.0
-1.0
-2.22044604925e-16
0.0
0.0
0.0
1.0
0.00785993475536
-2.84730387554e-18
-0.0973999979248
1.0
0.0
0.0
0.0
-1.0
-1.22464679915e-16
0.0
1.22464679915e-16
-1.0
-2.90308585623e-18
-0.00924942530249
0.19040000013
-1.0
-1.22464679915e-16
0.0
1.22464679915e-16
-1.0
0.0
0.0
0.0
1.0
-2.90308585623e-18
-0.00924942530249
-0.0973999979248
-1.0
-1.22464679915e-16
0.0
-1.22464679915e-16
1.0
-1.22464679915e-16
1.49975978266e-32
-1.22464679915e-16
-1.0
-2.90308585623e-18
0.00924942530249
0.19040000013
1.0
0.0
0.0
0.0
1.0
0.0
0.0
0.0
1.0
-2.90308585623e-18
0.00924942530249
-0.0973999979248
-1.0
-1.84896632332e-16
6.24319524169e-17
-6.24319524169e-17
-2.22044604925e-16
-1.0
1.84896632332e-16
-1.0
2.22044604925e-16
-8.73423004148e-18
0.139899998372
0.0380462254001
-1.0
-6.00327274978e-17
6.24319524169e-17
6.24319524169e-17
-2.22044604925e-16
1.0
-6.00327274978e-17
1.0
2.22044604925e-16
-8.73423004148e-18
-0.139899998372
0.0549537768052
1.0
-6.24319524169e-17
6.24319524169e-17
-6.24319524169e-17
2.22044604925e-16
1.0
-6.24319524169e-17
-1.0
2.22044604925e-16
-8.73423004148e-18
-0.139899998372
0.0380462254001
1.0
6.24319524169e-17
6.24319524169e-17
6.24319524169e-17
2.22044604925e-16
-1.0
-6.24319524169e-17
1.0
2.22044604925e-16
-8.73423004148e-18
0.139899998372
0.0549537768052
1.0
-0.0
0.0
0.0
2.22044604925e-16
1.0
-0.0
-1.0
2.22044604925e-16
0.0
-0.139899998372
0.0465000011027
1.0
0.0
0.0
0.0
2.22044604925e-16
-1.0
0.0
1.0
2.22044604925e-16
0.0
0.139899998372
0.0465000011027
0.0
2.22044604925e-16
1.0
-1.0
-2.22044604925e-16
0.0
2.22044604925e-16
-1.0
2.22044604925e-16
-0.139899998372
0.0
0.0465000011027
-1.0
-1.22464679915e-16
0.0
2.46519032882e-32
-2.22044604925e-16
-1.0
1.22464679915e-16
-1.0
2.22044604925e-16
0.0
0.139899998372
0.0465000011027
1.0
0.0
0.0
0.0
-1.0
-1.22464679915e-16
0.0
1.22464679915e-16
-1.0
0.0
1.67776611483e-17
0.19040000013
1.0
0.0
0.0
0.0
1.0
0.0
0.0
0.0
1.0
0.0
0.0
-0.0973999979248
-1.0
-1.22464679915e-16
0.0
-1.22464679915e-16
1.0
-1.22464679915e-16
1.49975978266e-32
-1.22464679915e-16
-1.0
0.0
1.67776611483e-17
0.19040000013
-1.0
-1.22464679915e-16
0.0
1.22464679915e-16
-1.0
0.0
0.0
0.0
1.0
0.0
0.0
-0.0973999979248
-4.4408920985e-16
-1.0
0.0
1.0
-4.4408920985e-16
0.0
0.0
0.0
1.0
0.0
0.0
-0.0973999979248
-2.22044604925e-16
1.0
0.0
-1.0
-2.22044604925e-16
0.0
0.0
0.0
1.0
0.0
0.0
-0.0973999979248
-2.22044604925e-16
1.0
0.0
1.0
2.22044604925e-16
-1.22464679915e-16
-1.22464679915e-16
-2.46519032882e-32
-1.0
0.0
1.67776611483e-17
0.19040000013
-1.0
-6.00327274978e-17
6.24319524169e-17
6.24319524169e-17
-2.22044604925e-16
1.0
-6.00327274978e-17
1.0
2.22044604925e-16
-8.73423004148e-18
-0.139899998372
0.0380462254001
1.0
6.24319524169e-17
6.24319524169e-17
6.24319524169e-17
2.22044604925e-16
-1.0
-6.24319524169e-17
1.0
2.22044604925e-16
-8.73423004148e-18
0.139899998372
0.0380462254001
0.0
2.22044604925e-16
1.0
-1.0
-2.22044604925e-16
0.0
2.22044604925e-16
-1.0
2.22044604925e-16
-0.139899998372
0.0
0.02
1.0
-0.0
0.0
0.0
2.22044604925e-16
1.0
-0.0
-1.0
2.22044604925e-16
0.0
-0.139899998372
0.02
-1.0
-1.22464679915e-16
0.0
2.46519032882e-32
-2.22044604925e-16
-1.0
1.22464679915e-16
-1.0
2.22044604925e-16
0.0
0.139899998372
0.02
-1.0
-4.88211708179e-17
7.36435090969e-17
7.36435090969e-17
-2.22044604925e-16
1.0
-4.88211708179e-17
1.0
2.22044604925e-16
-1.03027268027e-17
-0.139899998372
0.074897593513
-1.0
-1.96108189012e-16
7.36435090969e-17
-7.36435090969e-17
-2.22044604925e-16
-1.0
1.96108189012e-16
-1.0
2.22044604925e-16
-1.03027268027e-17
0.139899998372
0.0181024086924
1.0
7.36435090969e-17
7.36435090969e-17
7.36435090969e-17
2.22044604925e-16
-1.0
-7.36435090969e-17
1.0
2.22044604925e-16
-1.03027268027e-17
0.139899998372
0.074897593513
1.0
0.0
0.0
0.0
2.22044604925e-16
-1.0
0.0
1.0
2.22044604925e-16
0.0
0.139899998372
0.0765000011027
-1.0
-1.22464679915e-16
0.0
2.46519032882e-32
-2.22044604925e-16
1.0
-1.22464679915e-16
1.0
2.22044604925e-16
0.0
-0.139899998372
0.0765000011027
0.0
2.22044604925e-16
-1.0
-1.0
-2.22044604925e-16
0.0
-2.22044604925e-16
1.0
2.22044604925e-16
0.139899998372
0.0
0.02
-1.0
-1.22464679915e-16
0.0
2.46519032882e-32
-2.22044604925e-16
1.0
-1.22464679915e-16
1.0
2.22044604925e-16
0.0
-0.139899998372
0.02
1.0
0.0
0.0
0.0
2.22044604925e-16
-1.0
0.0
1.0
2.22044604925e-16
0.0
0.139899998372
0.02
0.0
-1.11022302463e-16
-1.0
1.0
-6.66133814775e-16
1.11022302463e-16
-5.55111512313e-16
-1.0
0.0
0.139899998372
-7.60502771868e-18
0.02
1.0
-7.36435090969e-17
7.36435090969e-17
-7.36435090969e-17
2.22044604925e-16
1.0
-7.36435090969e-17
-1.0
2.22044604925e-16
-1.03027268027e-17
-0.139899998372
0.074897593513
-1.0
-4.88211708179e-17
7.36435090969e-17
7.36435090969e-17
-2.22044604925e-16
1.0
-4.88211708179e-17
1.0
2.22044604925e-16
-1.03027268027e-17
-0.139899998372
0.0181024086924
1.0
7.36435090969e-17
7.36435090969e-17
7.36435090969e-17
2.22044604925e-16
-1.0
-7.36435090969e-17
1.0
2.22044604925e-16
-1.03027268027e-17
0.139899998372
0.0181024086924
1.0
-0.0
0.0
0.0
2.22044604925e-16
1.0
-0.0
-1.0
2.22044604925e-16
0.0
-0.139899998372
0.0765000011027
-1.0
-1.22464679915e-16
0.0
2.46519032882e-32
-2.22044604925e-16
-1.0
1.22464679915e-16
-1.0
2.22044604925e-16
0.0
0.139899998372
0.0765000011027
1.0
-7.36435090969e-17
7.36435090969e-17
-7.36435090969e-17
2.22044604925e-16
1.0
-7.36435090969e-17
-1.0
2.22044604925e-16
-1.03027268027e-17
-0.139899998372
0.0181024086924
0.0
-1.11022302463e-16
1.0
1.0
-6.66133814775e-16
-1.11022302463e-16
5.55111512313e-16
1.0
0.0
-0.139899998372
7.60502771868e-18
0.0765000011027
0.0
-1.11022302463e-16
-1.0
1.0
-6.66133814775e-16
1.11022302463e-16
-5.55111512313e-16
-1.0
0.0
0.137399997925
-7.60502771868e-18
0.02
-1.0
-1.22464679915e-16
0.0
2.46519032882e-32
-2.22044604925e-16
1.0
-1.22464679915e-16
1.0
2.22044604925e-16
0.0
-0.137399997925
0.02
0.0
-1.11022302463e-16
1.0
1.0
-6.66133814775e-16
-1.11022302463e-16
5.55111512313e-16
1.0
0.0
-0.137399997925
7.60502771868e-18
0.02
0.0
2.22044604925e-16
-1.0
-1.0
-2.22044604925e-16
0.0
-2.22044604925e-16
1.0
2.22044604925e-16
0.137399997925
0.0
0.02
1.0
-0.0
0.0
0.0
2.22044604925e-16
1.0
-0.0
-1.0
2.22044604925e-16
0.0
-0.137399997925
0.02
0.0
2.22044604925e-16
-1.0
-1.0
-2.22044604925e-16
0.0
-2.22044604925e-16
1.0
2.22044604925e-16
0.139899998372
0.0
0.0765000011027
0.0
2.22044604925e-16
1.0
-1.0
-2.22044604925e-16
0.0
2.22044604925e-16
-1.0
2.22044604925e-16
-0.137399997925
0.0
0.02
-1.0
-1.22464679915e-16
0.0
2.46519032882e-32
-2.22044604925e-16
-1.0
1.22464679915e-16
-1.0
2.22044604925e-16
0.0
0.137399997925
0.02
1.0
0.0
0.0
0.0
2.22044604925e-16
-1.0
0.0
1.0
2.22044604925e-16
0.0
0.137399997925
0.02
1.0
-7.36435090969e-17
7.36435090969e-17
-7.36435090969e-17
2.22044604925e-16
1.0
-7.36435090969e-17
-1.0
2.22044604925e-16
-1.01186179971e-17
-0.137399997925
0.0181024086924
1.0
7.36435090969e-17
7.36435090969e-17
7.36435090969e-17
2.22044604925e-16
-1.0
-7.36435090969e-17
1.0
2.22044604925e-16
-1.01186179971e-17
0.137399997925
0.0181024086924
0.0
-1.11022302463e-16
1.0
1.0
-6.66133814775e-16
-1.11022302463e-16
5.55111512313e-16
1.0
0.0
-0.139899998372
7.60502771868e-18
0.02
1.0
-7.36435090969e-17
7.36435090969e-17
-7.36435090969e-17
2.22044604925e-16
1.0
-7.36435090969e-17
-1.0
2.22044604925e-16
-1.01186179971e-17
-0.137399997925
0.074897593513
-1.0
-1.96108189012e-16
7.36435090969e-17
-7.36435090969e-17
-2.22044604925e-16
-1.0
1.96108189012e-16
-1.0
2.22044604925e-16
-1.01186179971e-17
0.137399997925
0.074897593513
1.0
7.36435090969e-17
7.36435090969e-17
7.36435090969e-17
2.22044604925e-16
-1.0
-7.36435090969e-17
1.0
2.22044604925e-16
-1.01186179971e-17
0.137399997925
0.074897593513
-1.0
-1.96108189012e-16
7.36435090969e-17
-7.36435090969e-17
-2.22044604925e-16
-1.0
1.96108189012e-16
-1.0
2.22044604925e-16
-1.01186179971e-17
0.137399997925
0.0181024086924
-1.0
-4.88211708179e-17
7.36435090969e-17
7.36435090969e-17
-2.22044604925e-16
1.0
-4.88211708179e-17
1.0
2.22044604925e-16
-1.01186179971e-17
-0.137399997925
0.0181024086924
-1.0
-4.88211708179e-17
7.36435090969e-17
7.36435090969e-17
-2.22044604925e-16
1.0
-4.88211708179e-17
1.0
2.22044604925e-16
-1.01186179971e-17
-0.137399997925
0.074897593513
0.0
2.22044604925e-16
1.0
-1.0
-2.22044604925e-16
0.0
2.22044604925e-16
-1.0
2.22044604925e-16
-0.137399997925
0.0
0.0765000011027
-1.0
-1.22464679915e-16
0.0
2.46519032882e-32
-2.22044604925e-16
-1.0
1.22464679915e-16
-1.0
2.22044604925e-16
0.0
0.137399997925
0.0765000011027
0.0
2.22044604925e-16
-1.0
-1.0
-2.22044604925e-16
0.0
-2.22044604925e-16
1.0
2.22044604925e-16
0.137399997925
0.0
0.0765000011027
-1.0
-1.22464679915e-16
0.0
2.46519032882e-32
-2.22044604925e-16
1.0
-1.22464679915e-16
1.0
2.22044604925e-16
0.0
-0.137399997925
0.0765000011027
0.0
-1.11022302463e-16
1.0
1.0
-6.66133814775e-16
-1.11022302463e-16
5.55111512313e-16
1.0
0.0
-0.137399997925
7.60502771868e-18
0.0765000011027
1.0
-0.0
0.0
0.0
2.22044604925e-16
1.0
-0.0
-1.0
2.22044604925e-16
0.0
-0.137399997925
0.0765000011027
0.0
-1.11022302463e-16
-1.0
1.0
-6.66133814775e-16
1.11022302463e-16
-5.55111512313e-16
-1.0
0.0
0.137399997925
-7.60502771868e-18
0.0765000011027
0.0
2.22044604925e-16
1.0
-1.0
-2.22044604925e-16
0.0
2.22044604925e-16
-1.0
2.22044604925e-16
-0.139899998372
0.0
0.0765000011027
1.0
0.0
0.0
0.0
2.22044604925e-16
-1.0
0.0
1.0
2.22044604925e-16
0.0
0.137399997925
0.0765000011027
-1.0
-1.96108189012e-16
7.36435090969e-17
-7.36435090969e-17
-2.22044604925e-16
-1.0
1.96108189012e-16
-1.0
2.22044604925e-16
-1.03027268027e-17
0.139899998372
0.074897593513
0.0
-1.11022302463e-16
-1.0
1.0
-6.66133814775e-16
1.11022302463e-16
-5.55111512313e-16
-1.0
0.0
0.139899998372
-7.60502771868e-18
0.0765000011027
