-1.0
-1.22460635382e-16
8.96761130355e-34
1.83264271271e-32
-1.56992474576e-16
-1.0
1.22460635382e-16
-1.0
1.57046684685e-16
-0.000747246667743
0.136091139567
0.0572857258469
1.0
0.0
0.0
0.0
1.57046684685e-16
-1.0
0.0
1.0
1.57046684685e-16
-0.000747246667743
0.136091139567
0.0572857258469
0.0
2.22044604925e-16
-1.0
-1.0
-2.22044604925e-16
0.0
-2.22044604925e-16
1.0
2.22044604925e-16
0.13913317251
-0.00378927960992
0.0572857258469
1.11022302463e-16
-1.11022302463e-16
-1.0
1.0
-5.55111512313e-16
1.11022302463e-16
-5.55111512313e-16
-1.0
1.11022302463e-16
0.13913317251
-0.00378927960992
0.0572857258469
1.11022302463e-16
-1.11022302463e-16
1.0
1.0
-5.55111512313e-16
-1.11022302463e-16
5.55111512313e-16
1.0
1.11022302463e-16
-0.140627665845
-0.00378927960992
0.0572857258469
0.0
2.22044604925e-16
1.0
-1.0
-2.22044604925e-16
0.0
2.22044604925e-16
-1.0
2.22044604925e-16
-0.140627665845
-0.00378927960992
0.0572857258469
1.0
-0
0.0
0.0
1.57046684685e-16
1.0
-0
-1.0
1.57046684685e-16
-0.000747246667743
-0.143669698787
0.0572857258469
-1.0
-1.22460635382e-16
-8.96761130355e-34
1.83264271271e-32
-1.56992474576e-16
1.0
-1.22460635382e-16
1.0
1.57046684685e-16
-0.000747246667743
-0.143669698787
0.0572857258469
0.0
2.22044604925e-16
-1.0
-1.0
-2.22044604925e-16
0.0
-2.22044604925e-16
1.0
2.22044604925e-16
0.13913317251
-0.00378927960992
0.0496897592288
1.11022302463e-16
-1.11022302463e-16
-1.0
1.0
-5.55111512313e-16
1.11022302463e-16
-5.55111512313e-16
-1.0
1.11022302463e-16
0.13913317251
-0.00378927960992
0.0496897592288
0.0
2.22044604925e-16
1.0
-1.0
-2.22044604925e-16
0.0
2.22044604925e-16
-1.0
2.22044604925e-16
-0.140627665845
-0.00378927960992
0.0496897592288
1.11022302463e-16
-1.11022302463e-16
1.0
1.0
-5.55111512313e-16
-1.11022302463e-16
5.55111512313e-16
1.0
1.11022302463e-16
-0.140627665845
-0.00378927960992
0.0496897592288
1.0
-6.75359011827e-17
6.75359011827e-17
-6.75359011827e-17
1.57046684685e-16
1.0
-6.75359011827e-17
-1.0
1.57046684685e-16
-0.000747246667743
-0.143669698787
0.0496897592288
1.0
6.75359011827e-17
6.75359011827e-17
6.75359011827e-17
1.57046684685e-16
-1.0
-6.75359011827e-17
1.0
1.57046684685e-16
-0.000747246667743
0.136091139567
0.084881692465
-1.0
-5.49247341996e-17
6.75359011827e-17
6.75359011827e-17
-1.56992474576e-16
1.0
-5.49247341996e-17
1.0
1.57046684685e-16
-0.000747246667743
-0.143669698787
0.084881692465
1.0
-6.75359011827e-17
6.75359011827e-17
-6.75359011827e-17
1.57046684685e-16
1.0
-6.75359011827e-17
-1.0
1.57046684685e-16
-0.000747246667743
-0.143669698787
0.084881692465
-1.0
-1.89996536565e-16
6.75359011827e-17
-6.75359011827e-17
-1.56992474576e-16
-1.0
1.89996536565e-16
-1.0
1.57046684685e-16
-0.000747246667743
0.136091139567
0.0496897592288
1.11022302463e-16
-1.11022302463e-16
1.0
1.0
-5.55111512313e-16
-1.11022302463e-16
5.55111512313e-16
1.0
1.11022302463e-16
-0.140627665845
-0.00378927960992
0.084881692465
0.0
2.22044604925e-16
1.0
-1.0
-2.22044604925e-16
0.0
2.22044604925e-16
-1.0
2.22044604925e-16
-0.140627665845
-0.00378927960992
0.084881692465
0.0
2.22044604925e-16
-1.0
-1.0
-2.22044604925e-16
0.0
-2.22044604925e-16
1.0
2.22044604925e-16
0.13913317251
-0.00378927960992
0.084881692465
1.11022302463e-16
-1.11022302463e-16
-1.0
1.0
-5.55111512313e-16
1.11022302463e-16
-5.55111512313e-16
-1.0
1.11022302463e-16
0.13913317251
-0.00378927960992
0.084881692465
-1.0
-1.89996536565e-16
6.75359011827e-17
-6.75359011827e-17
-1.56992474576e-16
-1.0
1.89996536565e-16
-1.0
1.57046684685e-16
-0.000747246667743
0.136091139567
0.084881692465
1.0
6.75359011827e-17
6.75359011827e-17
6.75359011827e-17
1.57046684685e-16
-1.0
-6.75359011827e-17
1.0
1.57046684685e-16
-0.000747246667743
0.136091139567
0.0496897592288
-1.0
-5.49247341996e-17
6.75359011827e-17
6.75359011827e-17
-1.56992474576e-16
1.0
-5.49247341996e-17
1.0
1.57046684685e-16
-0.000747246667743
-0.143669698787
0.0496897592288
-1.0
-1.22460635382e-16
8.96761130355e-34
1.83264271271e-32
-1.56992474576e-16
-1.0
1.22460635382e-16
-1.0
1.57046684685e-16
-0.000747246667743
0.136091139567
0.0391958029568
0.0
2.22044604925e-16
1.0
-1.0
-2.22044604925e-16
0.0
2.22044604925e-16
-1.0
2.22044604925e-16
-0.140627665845
-0.00378927960992
0.0391958029568
1.0
-0
0.0
0.0
1.57046684685e-16
1.0
-0
-1.0
1.57046684685e-16
-0.000747246667743
-0.143669698787
0.0391958029568
1.0
0.0
0.0
0.0
1.57046684685e-16
-1.0
0.0
1.0
1.57046684685e-16
-0.000747246667743
0.136091139567
0.0391958029568
1.11022302463e-16
-1.11022302463e-16
-1.0
1.0
-5.55111512313e-16
1.11022302463e-16
-5.55111512313e-16
-1.0
1.11022302463e-16
0.13913317251
-0.00378927960992
0.0391958029568
0.0
2.22044604925e-16
-1.0
-1.0
-2.22044604925e-16
0.0
-2.22044604925e-16
1.0
2.22044604925e-16
0.13913317251
-0.00378927960992
0.0391958029568
1.11022302463e-16
-1.11022302463e-16
1.0
1.0
-5.55111512313e-16
-1.11022302463e-16
5.55111512313e-16
1.0
1.11022302463e-16
-0.140627665845
-0.00378927960992
0.0391958029568
-1.0
-1.22460635382e-16
-8.96761130355e-34
1.83264271271e-32
-1.56992474576e-16
1.0
-1.22460635382e-16
1.0
1.57046684685e-16
-0.000747246667743
-0.143669698787
0.0391958029568
-1.0
-1.22460635382e-16
-1.36845553157e-48
-1.22460635382e-16
1.0
-1.22460635382e-16
1.49966072182e-32
-1.22460635382e-16
-1.0
-0.000747246667743
-0.00378927960992
0.232775646662
-1.56992474576e-16
1.0
8.96761130355e-34
1.0
1.57046684685e-16
-1.22460635382e-16
-1.22460635382e-16
-1.83264271271e-32
-1.0
-0.000747246667743
-0.00378927960992
0.232775646662
1.0
0.0
0.0
0.0
-1.0
-1.22460635382e-16
0.0
1.22460635382e-16
-1.0
-0.000747246667743
-0.00378927960992
0.232775646662
-1.0
-1.22460635382e-16
0.0
1.22460635382e-16
-1.0
0.0
0.0
0.0
1.0
-0.000747246667743
-0.00378927960992
-0.098204194968
-4.70977423728e-16
-1.0
0.0
1.0
-4.70977423728e-16
0.0
0.0
0.0
1.0
-0.000747246667743
-0.00378927960992
-0.098204194968
-1.56992474576e-16
1.0
0.0
-1.0
-1.56992474576e-16
0.0
0.0
0.0
1.0
-0.000747246667743
-0.00378927960992
-0.098204194968
1.0
0.0
0.0
0.0
1.0
0.0
0.0
0.0
1.0
-0.000747246667743
-0.00378927960992
-0.098204194968
-4.70977423728e-16
-1.0
-2.69028339107e-33
-1.0
4.71085843945e-16
-1.22460635382e-16
1.22460635382e-16
-5.49913184433e-32
-1.0
-0.000747246667743
-0.00378927960992
0.232775646662
