1.0
-0.0
0.0
0.0
2.22044604925e-16
1.0
-0.0
-1.0
2.22044604925e-16
0.000606555491686
-0.14649642164
0.0740848709829
-1.0
-1.22464679915e-16
0.0
2.46519032882e-32
-2.22044604925e-16
1.0
-1.22464679915e-16
1.0
2.22044604925e-16
0.000606555491686
-0.14649642164
0.0740848709829
-1.0
-1.22464679915e-16
0.0
2.46519032882e-32
-2.22044604925e-16
-1.0
1.22464679915e-16
-1.0
2.22044604925e-16
0.000606555491686
0.14360156024
0.0740848709829
1.0
0.0
0.0
0.0
2.22044604925e-16
-1.0
0.0
1.0
2.22044604925e-16
0.000606555491686
0.14360156024
0.0740848709829
0.0
2.22044604925e-16
-1.0
-1.0
-2.22044604925e-16
0.0
-2.22044604925e-16
1.0
2.22044604925e-16
0.146006553417
-0.00644743070006
0.0740848709829
0.0
-1.11022302463e-16
-1.0
1.0
-6.66133814775e-16
1.11022302463e-16
-5.55111512313e-16
-1.0
0.0
0.146006553417
-0.00644743070006
0.0740848709829
0.0
2.22044604925e-16
1.0
-1.0
-2.22044604925e-16
0.0
2.22044604925e-16
-1.0
2.22044604925e-16
-0.144793442433
-0.00644743070006
0.0740848709829
0.0
-1.11022302463e-16
1.0
1.0
-6.66133814775e-16
-1.11022302463e-16
5.55111512313e-16
1.0
0.0
-0.144793442433
-0.00644743070006
0.0740848709829
-1.0
-1.22464679915e-16
0.0
2.46519032882e-32
-2.22044604925e-16
1.0
-1.22464679915e-16
1.0
2.22044604925e-16
0.000606555491686
-0.14649642164
0.0826032683277
1.0
-0.0
0.0
0.0
2.22044604925e-16
1.0
-0.0
-1.0
2.22044604925e-16
0.000606555491686
-0.14649642164
0.0826032683277
1.0
-0.0
0.0
0.0
2.22044604925e-16
1.0
-0.0
-1.0
2.22044604925e-16
0.000606555491686
-0.13849642164
0.0740848709829
-1.0
-1.22464679915e-16
0.0
2.46519032882e-32
-2.22044604925e-16
1.0
-1.22464679915e-16
1.0
2.22044604925e-16
0.000606555491686
-0.13849642164
0.0740848709829
1.0
0.0
0.0
0.0
2.22044604925e-16
-1.0
0.0
1.0
2.22044604925e-16
0.000606555491686
0.14360156024
0.0826032683277
-1.0
-1.22464679915e-16
0.0
2.46519032882e-32
-2.22044604925e-16
-1.0
1.22464679915e-16
-1.0
2.22044604925e-16
0.000606555491686
0.14360156024
0.0826032683277
1.0
-0.0
0.0
0.0
2.22044604925e-16
1.0
-0.0
-1.0
2.22044604925e-16
0.000606555491686
-0.15649642164
0.0740848709829
-1.0
-1.22464679915e-16
0.0
2.46519032882e-32
-2.22044604925e-16
1.0
-1.22464679915e-16
1.0
2.22044604925e-16
0.000606555491686
-0.15649642164
0.0740848709829
1.0
-0.0
0.0
0.0
2.22044604925e-16
1.0
-0.0
-1.0
2.22044604925e-16
0.000606555491686
-0.14649642164
0.0655664736382
-1.0
-1.22464679915e-16
0.0
2.46519032882e-32
-2.22044604925e-16
1.0
-1.22464679915e-16
1.0
2.22044604925e-16
0.000606555491686
-0.14649642164
0.0655664736382
0.0
2.22044604925e-16
1.0
-1.0
-2.22044604925e-16
0.0
2.22044604925e-16
-1.0
2.22044604925e-16
-0.154793442433
-0.00644743070006
0.0740848709829
0.0
-1.11022302463e-16
1.0
1.0
-6.66133814775e-16
-1.11022302463e-16
5.55111512313e-16
1.0
0.0
-0.154793442433
-0.00644743070006
0.0740848709829
-1.0
-1.22464679915e-16
0.0
2.46519032882e-32
-2.22044604925e-16
-1.0
1.22464679915e-16
-1.0
2.22044604925e-16
0.000606555491686
0.14360156024
0.0655664736382
1.0
0.0
0.0
0.0
2.22044604925e-16
-1.0
0.0
1.0
2.22044604925e-16
0.000606555491686
0.14360156024
0.0655664736382
0.0
-1.11022302463e-16
-1.0
1.0
-6.66133814775e-16
1.11022302463e-16
-5.55111512313e-16
-1.0
0.0
0.156006553417
-0.00644743070006
0.0740848709829
-1.0
-1.22464679915e-16
0.0
2.46519032882e-32
-2.22044604925e-16
1.0
-1.22464679915e-16
1.0
2.22044604925e-16
0.000606555491686
-0.13849642164
0.0826032683277
1.0
-0.0
0.0
0.0
2.22044604925e-16
1.0
-0.0
-1.0
2.22044604925e-16
0.000606555491686
-0.13849642164
0.0826032683277
0.0
2.22044604925e-16
-1.0
-1.0
-2.22044604925e-16
0.0
-2.22044604925e-16
1.0
2.22044604925e-16
0.156006553417
-0.00644743070006
0.0740848709829
0.0
2.22044604925e-16
-1.0
-1.0
-2.22044604925e-16
0.0
-2.22044604925e-16
1.0
2.22044604925e-16
0.138006553417
-0.00644743070006
0.0740848709829
0.0
-1.11022302463e-16
-1.0
1.0
-6.66133814775e-16
1.11022302463e-16
-5.55111512313e-16
-1.0
0.0
0.138006553417
-0.00644743070006
0.0740848709829
-1.0
-1.22464679915e-16
0.0
2.46519032882e-32
-2.22044604925e-16
1.0
-1.22464679915e-16
1.0
2.22044604925e-16
0.000606555491686
-0.15649642164
0.0826032683277
1.0
-0.0
0.0
0.0
2.22044604925e-16
1.0
-0.0
-1.0
2.22044604925e-16
0.000606555491686
-0.15649642164
0.0826032683277
0.0
-1.11022302463e-16
1.0
1.0
-6.66133814775e-16
-1.11022302463e-16
5.55111512313e-16
1.0
0.0
-0.136793442433
-0.00644743070006
0.0740848709829
1.0
-0.0
0.0
0.0
2.22044604925e-16
1.0
-0.0
-1.0
2.22044604925e-16
0.000606555491686
-0.13849642164
0.0655664736382
-1.0
-1.22464679915e-16
0.0
2.46519032882e-32
-2.22044604925e-16
1.0
-1.22464679915e-16
1.0
2.22044604925e-16
0.000606555491686
-0.13849642164
0.0655664736382
0.0
2.22044604925e-16
1.0
-1.0
-2.22044604925e-16
0.0
2.22044604925e-16
-1.0
2.22044604925e-16
-0.136793442433
-0.00644743070006
0.0740848709829
1.0
-0.0
0.0
0.0
2.22044604925e-16
1.0
-0.0
-1.0
2.22044604925e-16
0.000606555491686
-0.15649642164
0.0655664736382
-1.0
-1.22464679915e-16
0.0
2.46519032882e-32
-2.22044604925e-16
1.0
-1.22464679915e-16
1.0
2.22044604925e-16
0.000606555491686
-0.15649642164
0.0655664736382
1.0
0.0
0.0
0.0
2.22044604925e-16
-1.0
0.0
1.0
2.22044604925e-16
0.000606555491686
0.13360156024
0.0740848709829
-1.0
-1.22464679915e-16
0.0
2.46519032882e-32
-2.22044604925e-16
-1.0
1.22464679915e-16
-1.0
2.22044604925e-16
0.000606555491686
0.13360156024
0.0740848709829
1.0
-0.0
0.0
0.0
2.22044604925e-16
1.0
-0.0
-1.0
2.22044604925e-16
0.000606555491686
-0.124412659024
0.0740848709829
-1.0
-1.22464679915e-16
0.0
2.46519032882e-32
-2.22044604925e-16
1.0
-1.22464679915e-16
1.0
2.22044604925e-16
0.000606555491686
-0.124412659024
0.0740848709829
1.0
0.0
0.0
0.0
2.22044604925e-16
-1.0
0.0
1.0
2.22044604925e-16
0.000606555491686
0.13360156024
0.0826032683277
-1.0
-1.22464679915e-16
0.0
2.46519032882e-32
-2.22044604925e-16
-1.0
1.22464679915e-16
-1.0
2.22044604925e-16
0.000606555491686
0.13360156024
0.0826032683277
-1.0
-1.22464679915e-16
0.0
2.46519032882e-32
-2.22044604925e-16
1.0
-1.22464679915e-16
1.0
2.22044604925e-16
0.000606555491686
-0.124412659024
0.0826032683277
1.0
-0.0
0.0
0.0
2.22044604925e-16
1.0
-0.0
-1.0
2.22044604925e-16
0.000606555491686
-0.124412659024
0.0826032683277
-1.0
-1.22464679915e-16
0.0
2.46519032882e-32
-2.22044604925e-16
-1.0
1.22464679915e-16
-1.0
2.22044604925e-16
0.000606555491686
0.13360156024
0.0655664736382
1.0
0.0
0.0
0.0
2.22044604925e-16
-1.0
0.0
1.0
2.22044604925e-16
0.000606555491686
0.13360156024
0.0655664736382
1.0
-0.0
0.0
0.0
2.22044604925e-16
1.0
-0.0
-1.0
2.22044604925e-16
0.000606555491686
-0.124412659024
0.0655664736382
-1.0
-1.22464679915e-16
0.0
2.46519032882e-32
-2.22044604925e-16
1.0
-1.22464679915e-16
1.0
2.22044604925e-16
0.000606555491686
-0.124412659024
0.0655664736382
1.0
0.0
0.0
0.0
2.22044604925e-16
-1.0
0.0
1.0
2.22044604925e-16
0.000606555491686
0.12560156024
0.0740848709829
-1.0
-1.22464679915e-16
0.0
2.46519032882e-32
-2.22044604925e-16
-1.0
1.22464679915e-16
-1.0
2.22044604925e-16
0.000606555491686
0.12560156024
0.0740848709829
0.0
2.22044604925e-16
-1.0
-1.0
-2.22044604925e-16
0.0
-2.22044604925e-16
1.0
2.22044604925e-16
0.123922790801
-0.00644743070006
0.0740848709829
0.0
-1.11022302463e-16
-1.0
1.0
-6.66133814775e-16
1.11022302463e-16
-5.55111512313e-16
-1.0
0.0
0.123922790801
-0.00644743070006
0.0740848709829
1.0
0.0
0.0
0.0
2.22044604925e-16
-1.0
0.0
1.0
2.22044604925e-16
0.000606555491686
0.12560156024
0.0826032683277
-1.0
-1.22464679915e-16
0.0
2.46519032882e-32
-2.22044604925e-16
-1.0
1.22464679915e-16
-1.0
2.22044604925e-16
0.000606555491686
0.12560156024
0.0826032683277
-2.22044604925e-16
1.0
0.0
1.0
2.22044604925e-16
-1.22464679915e-16
-1.22464679915e-16
-2.46519032882e-32
-1.0
0.000606555491686
-0.00644743070006
0.244220602726
1.0
0.0
0.0
0.0
-1.0
-1.22464679915e-16
0.0
1.22464679915e-16
-1.0
0.000606555491686
-0.00644743070006
0.244220602726
-1.0
-1.22464679915e-16
0.0
2.46519032882e-32
-2.22044604925e-16
-1.0
1.22464679915e-16
-1.0
2.22044604925e-16
0.000606555491686
0.12560156024
0.0655664736382
1.0
0.0
0.0
0.0
2.22044604925e-16
-1.0
0.0
1.0
2.22044604925e-16
0.000606555491686
0.12560156024
0.0655664736382
-1.0
-1.22464679915e-16
0.0
-1.22464679915e-16
1.0
-1.22464679915e-16
1.49975978266e-32
-1.22464679915e-16
-1.0
0.000606555491686
-0.00644743070006
0.244220602726
-4.4408920985e-16
-1.0
1.23259516441e-32
-1.0
4.4408920985e-16
-1.22464679915e-16
1.22464679915e-16
-7.39557098645e-32
-1.0
0.000606555491686
-0.00644743070006
0.244220602726
0.0
-1.11022302463e-16
1.0
1.0
-6.66133814775e-16
-1.11022302463e-16
5.55111512313e-16
1.0
0.0
-0.122709679817
-0.00644743070006
0.0740848709829
0.0
2.22044604925e-16
1.0
-1.0
-2.22044604925e-16
0.0
2.22044604925e-16
-1.0
2.22044604925e-16
-0.122709679817
-0.00644743070006
0.0740848709829
-2.22044604925e-16
1.0
0.0
-1.0
-2.22044604925e-16
0.0
0.0
0.0
1.0
0.000606555491686
-0.00644743070006
-0.0960508607602
-4.4408920985e-16
-1.0
0.0
1.0
-4.4408920985e-16
0.0
0.0
0.0
1.0
0.000606555491686
-0.00644743070006
-0.0960508607602
-1.0
-1.22464679915e-16
0.0
1.22464679915e-16
-1.0
0.0
0.0
0.0
1.0
0.000606555491686
-0.00644743070006
-0.0960508607602
1.0
0.0
0.0
0.0
1.0
0.0
0.0
0.0
1.0
0.000606555491686
-0.00644743070006
-0.0960508607602
-1.0
-1.22464679915e-16
0.0
2.46519032882e-32
-2.22044604925e-16
-1.0
1.22464679915e-16
-1.0
2.22044604925e-16
0.000606555491686
0.111517797624
0.0740848709829
1.0
0.0
0.0
0.0
2.22044604925e-16
-1.0
0.0
1.0
2.22044604925e-16
0.000606555491686
0.111517797624
0.0740848709829
1.0
0.0
0.0
0.0
2.22044604925e-16
-1.0
0.0
1.0
2.22044604925e-16
0.000606555491686
0.111517797624
0.0826032683277
-1.0
-1.22464679915e-16
0.0
2.46519032882e-32
-2.22044604925e-16
-1.0
1.22464679915e-16
-1.0
2.22044604925e-16
0.000606555491686
0.111517797624
0.0826032683277
-1.0
-1.22464679915e-16
0.0
2.46519032882e-32
-2.22044604925e-16
-1.0
1.22464679915e-16
-1.0
2.22044604925e-16
0.000606555491686
0.111517797624
0.0655664736382
1.0
0.0
0.0
0.0
2.22044604925e-16
-1.0
0.0
1.0
2.22044604925e-16
0.000606555491686
0.111517797624
0.0655664736382
-2.22044604925e-16
1.0
0.0
1.0
2.22044604925e-16
-1.22464679915e-16
-1.22464679915e-16
-2.46519032882e-32
-1.0
-0.0251094098171
-0.00644743070006
0.244220602726
-4.4408920985e-16
-1.0
1.23259516441e-32
-1.0
4.4408920985e-16
-1.22464679915e-16
1.22464679915e-16
-7.39557098645e-32
-1.0
-0.0251094098171
-0.00644743070006
0.244220602726
-2.22044604925e-16
1.0
0.0
1.0
2.22044604925e-16
-1.22464679915e-16
-1.22464679915e-16
-2.46519032882e-32
-1.0
0.0263225208004
-0.00644743070006
0.244220602726
-4.4408920985e-16
-1.0
1.23259516441e-32
-1.0
4.4408920985e-16
-1.22464679915e-16
1.22464679915e-16
-7.39557098645e-32
-1.0
0.0263225208004
-0.00644743070006
0.244220602726
-2.22044604925e-16
1.0
0.0
-1.0
-2.22044604925e-16
0.0
0.0
0.0
1.0
-0.0251094098171
-0.00644743070006
-0.0960508607602
-4.4408920985e-16
-1.0
0.0
1.0
-4.4408920985e-16
0.0
0.0
0.0
1.0
-0.0251094098171
-0.00644743070006
-0.0960508607602
-4.4408920985e-16
-1.0
0.0
1.0
-4.4408920985e-16
0.0
0.0
0.0
1.0
0.0263225208004
-0.00644743070006
-0.0960508607602
-2.22044604925e-16
1.0
0.0
-1.0
-2.22044604925e-16
0.0
0.0
0.0
1.0
0.0263225208004
-0.00644743070006
-0.0960508607602
1.0
-0.0
0.0
0.0
2.22044604925e-16
1.0
-0.0
-1.0
2.22044604925e-16
0.000606555491686
-0.14649642164
0.0413491371647
-1.0
-1.22464679915e-16
0.0
2.46519032882e-32
-2.22044604925e-16
1.0
-1.22464679915e-16
1.0
2.22044604925e-16
0.000606555491686
-0.14649642164
0.0413491371647
-1.0
-1.22464679915e-16
0.0
2.46519032882e-32
-2.22044604925e-16
-1.0
1.22464679915e-16
-1.0
2.22044604925e-16
0.000606555491686
0.14360156024
0.0413491371647
1.0
0.0
0.0
0.0
2.22044604925e-16
-1.0
0.0
1.0
2.22044604925e-16
0.000606555491686
0.14360156024
0.0413491371647
0.0
-1.11022302463e-16
-1.0
1.0
-6.66133814775e-16
1.11022302463e-16
-5.55111512313e-16
-1.0
0.0
0.146006553417
-0.00644743070006
0.0413491371647
0.0
2.22044604925e-16
1.0
-1.0
-2.22044604925e-16
0.0
2.22044604925e-16
-1.0
2.22044604925e-16
-0.144793442433
-0.00644743070006
0.0413491371647
1.0
-0.0
0.0
0.0
2.22044604925e-16
1.0
-0.0
-1.0
2.22044604925e-16
0.000606555491686
-0.13849642164
0.0413491371647
-1.0
-1.22464679915e-16
0.0
2.46519032882e-32
-2.22044604925e-16
1.0
-1.22464679915e-16
1.0
2.22044604925e-16
0.000606555491686
-0.13849642164
0.0413491371647
0.0
2.22044604925e-16
-1.0
-1.0
-2.22044604925e-16
0.0
-2.22044604925e-16
1.0
2.22044604925e-16
0.146006553417
-0.00644743070006
0.0413491371647
0.0
-1.11022302463e-16
1.0
1.0
-6.66133814775e-16
-1.11022302463e-16
5.55111512313e-16
1.0
0.0
-0.144793442433
-0.00644743070006
0.0413491371647
1.0
-0.0
0.0
0.0
2.22044604925e-16
1.0
-0.0
-1.0
2.22044604925e-16
0.000606555491686
-0.15649642164
0.0413491371647
-1.0
-1.22464679915e-16
0.0
2.46519032882e-32
-2.22044604925e-16
1.0
-1.22464679915e-16
1.0
2.22044604925e-16
0.000606555491686
-0.15649642164
0.0413491371647
0.0
2.22044604925e-16
1.0
-1.0
-2.22044604925e-16
0.0
2.22044604925e-16
-1.0
2.22044604925e-16
-0.154793442433
-0.00644743070006
0.0413491371647
0.0
-1.11022302463e-16
-1.0
1.0
-6.66133814775e-16
1.11022302463e-16
-5.55111512313e-16
-1.0
0.0
0.156006553417
-0.00644743070006
0.0413491371647
0.0
2.22044604925e-16
-1.0
-1.0
-2.22044604925e-16
0.0
-2.22044604925e-16
1.0
2.22044604925e-16
0.156006553417
-0.00644743070006
0.0413491371647
0.0
-1.11022302463e-16
1.0
1.0
-6.66133814775e-16
-1.11022302463e-16
5.55111512313e-16
1.0
0.0
-0.154793442433
-0.00644743070006
0.0413491371647
0.0
-1.11022302463e-16
-1.0
1.0
-6.66133814775e-16
1.11022302463e-16
-5.55111512313e-16
-1.0
0.0
0.138006553417
-0.00644743070006
0.0413491371647
0.0
2.22044604925e-16
-1.0
-1.0
-2.22044604925e-16
0.0
-2.22044604925e-16
1.0
2.22044604925e-16
0.138006553417
-0.00644743070006
0.0413491371647
0.0
2.22044604925e-16
1.0
-1.0
-2.22044604925e-16
0.0
2.22044604925e-16
-1.0
2.22044604925e-16
-0.136793442433
-0.00644743070006
0.0413491371647
0.0
-1.11022302463e-16
1.0
1.0
-6.66133814775e-16
-1.11022302463e-16
5.55111512313e-16
1.0
0.0
-0.136793442433
-0.00644743070006
0.0413491371647
-1.0
-1.22464679915e-16
0.0
2.46519032882e-32
-2.22044604925e-16
-1.0
1.22464679915e-16
-1.0
2.22044604925e-16
0.000606555491686
0.13360156024
0.0413491371647
1.0
0.0
0.0
0.0
2.22044604925e-16
-1.0
0.0
1.0
2.22044604925e-16
0.000606555491686
0.13360156024
0.0413491371647
1.0
-0.0
0.0
0.0
2.22044604925e-16
1.0
-0.0
-1.0
2.22044604925e-16
0.000606555491686
-0.124412659024
0.0413491371647
-1.0
-1.22464679915e-16
0.0
2.46519032882e-32
-2.22044604925e-16
1.0
-1.22464679915e-16
1.0
2.22044604925e-16
0.000606555491686
-0.124412659024
0.0413491371647
1.0
0.0
0.0
0.0
-1.0
-1.22464679915e-16
0.0
1.22464679915e-16
-1.0
0.000606555491686
-0.00644743070006
0.258304365342
-1.0
-1.22464679915e-16
0.0
-1.22464679915e-16
1.0
-1.22464679915e-16
1.49975978266e-32
-1.22464679915e-16
-1.0
0.000606555491686
-0.00644743070006
0.258304365342
-2.22044604925e-16
1.0
0.0
1.0
2.22044604925e-16
-1.22464679915e-16
-1.22464679915e-16
-2.46519032882e-32
-1.0
0.000606555491686
-0.00644743070006
0.258304365342
-4.4408920985e-16
-1.0
1.23259516441e-32
-1.0
4.4408920985e-16
-1.22464679915e-16
1.22464679915e-16
-7.39557098645e-32
-1.0
0.000606555491686
-0.00644743070006
0.258304365342
-4.4408920985e-16
-1.0
0.0
1.0
-4.4408920985e-16
0.0
0.0
0.0
1.0
0.000606555491686
-0.00644743070006
-0.110134623376
-2.22044604925e-16
1.0
0.0
-1.0
-2.22044604925e-16
0.0
0.0
0.0
1.0
0.000606555491686
-0.00644743070006
-0.110134623376
1.0
0.0
0.0
0.0
1.0
0.0
0.0
0.0
1.0
0.000606555491686
-0.00644743070006
-0.110134623376
-1.0
-1.22464679915e-16
0.0
1.22464679915e-16
-1.0
0.0
0.0
0.0
1.0
0.000606555491686
-0.00644743070006
-0.110134623376
-1.0
-1.22464679915e-16
0.0
2.46519032882e-32
-2.22044604925e-16
-1.0
1.22464679915e-16
-1.0
2.22044604925e-16
0.000606555491686
0.12560156024
0.0413491371647
1.0
0.0
0.0
0.0
2.22044604925e-16
-1.0
0.0
1.0
2.22044604925e-16
0.000606555491686
0.12560156024
0.0413491371647
0.0
-1.11022302463e-16
-1.0
1.0
-6.66133814775e-16
1.11022302463e-16
-5.55111512313e-16
-1.0
0.0
0.123922790801
-0.00644743070006
0.0413491371647
0.0
2.22044604925e-16
-1.0
-1.0
-2.22044604925e-16
0.0
-2.22044604925e-16
1.0
2.22044604925e-16
0.123922790801
-0.00644743070006
0.0413491371647
0.0
2.22044604925e-16
1.0
-1.0
-2.22044604925e-16
0.0
2.22044604925e-16
-1.0
2.22044604925e-16
-0.122709679817
-0.00644743070006
0.0413491371647
0.0
-1.11022302463e-16
1.0
1.0
-6.66133814775e-16
-1.11022302463e-16
5.55111512313e-16
1.0
0.0
-0.122709679817
-0.00644743070006
0.0413491371647
-2.22044604925e-16
1.0
0.0
1.0
2.22044604925e-16
-1.22464679915e-16
-1.22464679915e-16
-2.46519032882e-32
-1.0
-0.0251094098171
-0.00644743070006
0.258304365342
-4.4408920985e-16
-1.0
1.23259516441e-32
-1.0
4.4408920985e-16
-1.22464679915e-16
1.22464679915e-16
-7.39557098645e-32
-1.0
-0.0251094098171
-0.00644743070006
0.258304365342
-2.22044604925e-16
1.0
0.0
1.0
2.22044604925e-16
-1.22464679915e-16
-1.22464679915e-16
-2.46519032882e-32
-1.0
0.0263225208004
-0.00644743070006
0.258304365342
-4.4408920985e-16
-1.0
1.23259516441e-32
-1.0
4.4408920985e-16
-1.22464679915e-16
1.22464679915e-16
-7.39557098645e-32
-1.0
0.0263225208004
-0.00644743070006
0.258304365342
-2.22044604925e-16
1.0
0.0
-1.0
-2.22044604925e-16
0.0
0.0
0.0
1.0
-0.0251094098171
-0.00644743070006
-0.110134623376
-4.4408920985e-16
-1.0
0.0
1.0
-4.4408920985e-16
0.0
0.0
0.0
1.0
-0.0251094098171
-0.00644743070006
-0.110134623376
-1.0
-1.22464679915e-16
0.0
2.46519032882e-32
-2.22044604925e-16
-1.0
1.22464679915e-16
-1.0
2.22044604925e-16
0.000606555491686
0.111517797624
0.0413491371647
1.0
0.0
0.0
0.0
2.22044604925e-16
-1.0
0.0
1.0
2.22044604925e-16
0.000606555491686
0.111517797624
0.0413491371647
-4.4408920985e-16
-1.0
0.0
1.0
-4.4408920985e-16
0.0
0.0
0.0
1.0
0.0263225208004
-0.00644743070006
-0.110134623376
-2.22044604925e-16
1.0
0.0
-1.0
-2.22044604925e-16
0.0
0.0
0.0
1.0
0.0263225208004
-0.00644743070006
-0.110134623376
1.0
0.0
0.0
0.0
-1.0
-1.22464679915e-16
0.0
1.22464679915e-16
-1.0
0.000606555491686
-0.00644743070006
0.266304365342
-1.0
-1.22464679915e-16
0.0
-1.22464679915e-16
1.0
-1.22464679915e-16
1.49975978266e-32
-1.22464679915e-16
-1.0
0.000606555491686
-0.00644743070006
0.266304365342
-2.22044604925e-16
1.0
0.0
1.0
2.22044604925e-16
-1.22464679915e-16
-1.22464679915e-16
-2.46519032882e-32
-1.0
0.000606555491686
-0.00644743070006
0.266304365342
-4.4408920985e-16
-1.0
1.23259516441e-32
-1.0
4.4408920985e-16
-1.22464679915e-16
1.22464679915e-16
-7.39557098645e-32
-1.0
0.000606555491686
-0.00644743070006
0.266304365342
-2.22044604925e-16
1.0
0.0
-1.0
-2.22044604925e-16
0.0
0.0
0.0
1.0
0.000606555491686
-0.00644743070006
-0.118134623376
-4.4408920985e-16
-1.0
0.0
1.0
-4.4408920985e-16
0.0
0.0
0.0
1.0
0.000606555491686
-0.00644743070006
-0.118134623376
-1.0
-1.22464679915e-16
0.0
1.22464679915e-16
-1.0
0.0
0.0
0.0
1.0
0.000606555491686
-0.00644743070006
-0.118134623376
1.0
0.0
0.0
0.0
1.0
0.0
0.0
0.0
1.0
0.000606555491686
-0.00644743070006
-0.118134623376
-1.0
-1.22464679915e-16
0.0
2.46519032882e-32
-2.22044604925e-16
1.0
-1.22464679915e-16
1.0
2.22044604925e-16
0.000606555491686
-0.14649642164
0.123733729126
1.0
-0.0
0.0
0.0
2.22044604925e-16
1.0
-0.0
-1.0
2.22044604925e-16
0.000606555491686
-0.14649642164
0.123733729126
-2.22044604925e-16
1.0
0.0
1.0
2.22044604925e-16
-1.22464679915e-16
-1.22464679915e-16
-2.46519032882e-32
-1.0
-0.0251094098171
-0.00644743070006
0.266304365342
-4.4408920985e-16
-1.0
1.23259516441e-32
-1.0
4.4408920985e-16
-1.22464679915e-16
1.22464679915e-16
-7.39557098645e-32
-1.0
-0.0251094098171
-0.00644743070006
0.266304365342
1.0
0.0
0.0
0.0
2.22044604925e-16
-1.0
0.0
1.0
2.22044604925e-16
0.000606555491686
0.14360156024
0.123733729126
-1.0
-1.22464679915e-16
0.0
2.46519032882e-32
-2.22044604925e-16
-1.0
1.22464679915e-16
-1.0
2.22044604925e-16
0.000606555491686
0.14360156024
0.123733729126
-2.22044604925e-16
1.0
0.0
1.0
2.22044604925e-16
-1.22464679915e-16
-1.22464679915e-16
-2.46519032882e-32
-1.0
0.0263225208004
-0.00644743070006
0.266304365342
-1.0
-1.22464679915e-16
0.0
2.46519032882e-32
-2.22044604925e-16
1.0
-1.22464679915e-16
1.0
2.22044604925e-16
0.000606555491686
-0.14649642164
0.124084870983
1.0
-0.0
0.0
0.0
2.22044604925e-16
1.0
-0.0
-1.0
2.22044604925e-16
0.000606555491686
-0.14649642164
0.124084870983
0.0
2.22044604925e-16
-1.0
-1.0
-2.22044604925e-16
0.0
-2.22044604925e-16
1.0
2.22044604925e-16
0.146006553417
-0.00644743070006
0.124084870983
0.0
-1.11022302463e-16
1.0
1.0
-6.66133814775e-16
-1.11022302463e-16
5.55111512313e-16
1.0
0.0
-0.144793442433
-0.00644743070006
0.124084870983
1.0
0.0
0.0
0.0
2.22044604925e-16
-1.0
0.0
1.0
2.22044604925e-16
0.000606555491686
0.14360156024
0.124084870983
-1.0
-1.22464679915e-16
0.0
2.46519032882e-32
-2.22044604925e-16
-1.0
1.22464679915e-16
-1.0
2.22044604925e-16
0.000606555491686
0.14360156024
0.124084870983
-4.4408920985e-16
-1.0
1.23259516441e-32
-1.0
4.4408920985e-16
-1.22464679915e-16
1.22464679915e-16
-7.39557098645e-32
-1.0
0.0263225208004
-0.00644743070006
0.266304365342
-1.0
-1.22464679915e-16
0.0
2.46519032882e-32
-2.22044604925e-16
1.0
-1.22464679915e-16
1.0
2.22044604925e-16
0.000606555491686
-0.13849642164
0.123733729126
1.0
-0.0
0.0
0.0
2.22044604925e-16
1.0
-0.0
-1.0
2.22044604925e-16
0.000606555491686
-0.13849642164
0.123733729126
0.0
-1.11022302463e-16
-1.0
1.0
-6.66133814775e-16
1.11022302463e-16
-5.55111512313e-16
-1.0
0.0
0.146006553417
-0.00644743070006
0.124084870983
0.0
2.22044604925e-16
1.0
-1.0
-2.22044604925e-16
0.0
2.22044604925e-16
-1.0
2.22044604925e-16
-0.144793442433
-0.00644743070006
0.124084870983
-1.0
-1.22464679915e-16
0.0
2.46519032882e-32
-2.22044604925e-16
1.0
-1.22464679915e-16
1.0
2.22044604925e-16
0.000606555491686
-0.15649642164
0.123733729126
-1.0
-1.22464679915e-16
0.0
2.46519032882e-32
-2.22044604925e-16
1.0
-1.22464679915e-16
1.0
2.22044604925e-16
0.000606555491686
-0.13849642164
0.124084870983
1.0
-0.0
0.0
0.0
2.22044604925e-16
1.0
-0.0
-1.0
2.22044604925e-16
0.000606555491686
-0.15649642164
0.123733729126
1.0
-0.0
0.0
0.0
2.22044604925e-16
1.0
-0.0
-1.0
2.22044604925e-16
0.000606555491686
-0.13849642164
0.124084870983
0.0
-1.11022302463e-16
1.0
1.0
-6.66133814775e-16
-1.11022302463e-16
5.55111512313e-16
1.0
0.0
-0.154793442433
-0.00644743070006
0.124084870983
-1.0
-1.22464679915e-16
0.0
2.46519032882e-32
-2.22044604925e-16
1.0
-1.22464679915e-16
1.0
2.22044604925e-16
0.000606555491686
-0.15649642164
0.124084870983
1.0
-0.0
0.0
0.0
2.22044604925e-16
1.0
-0.0
-1.0
2.22044604925e-16
0.000606555491686
-0.15649642164
0.124084870983
0.0
2.22044604925e-16
-1.0
-1.0
-2.22044604925e-16
0.0
-2.22044604925e-16
1.0
2.22044604925e-16
0.138006553417
-0.00644743070006
0.124084870983
0.0
2.22044604925e-16
1.0
-1.0
-2.22044604925e-16
0.0
2.22044604925e-16
-1.0
2.22044604925e-16
-0.154793442433
-0.00644743070006
0.124084870983
-2.22044604925e-16
1.0
0.0
-1.0
-2.22044604925e-16
0.0
0.0
0.0
1.0
-0.0251094098171
-0.00644743070006
-0.118134623376
-4.4408920985e-16
-1.0
0.0
1.0
-4.4408920985e-16
0.0
0.0
0.0
1.0
-0.0251094098171
-0.00644743070006
-0.118134623376
0.0
-1.11022302463e-16
1.0
1.0
-6.66133814775e-16
-1.11022302463e-16
5.55111512313e-16
1.0
0.0
-0.136793442433
-0.00644743070006
0.124084870983
0.0
2.22044604925e-16
-1.0
-1.0
-2.22044604925e-16
0.0
-2.22044604925e-16
1.0
2.22044604925e-16
0.156006553417
-0.00644743070006
0.124084870983
0.0
-1.11022302463e-16
-1.0
1.0
-6.66133814775e-16
1.11022302463e-16
-5.55111512313e-16
-1.0
0.0
0.156006553417
-0.00644743070006
0.124084870983
0.0
-1.11022302463e-16
-1.0
1.0
-6.66133814775e-16
1.11022302463e-16
-5.55111512313e-16
-1.0
0.0
0.138006553417
-0.00644743070006
0.124084870983
1.0
-0.0
0.0
0.0
2.22044604925e-16
1.0
-0.0
-1.0
2.22044604925e-16
0.000606555491686
-0.14649642164
0.0244360128394
-1.0
-1.22464679915e-16
0.0
2.46519032882e-32
-2.22044604925e-16
1.0
-1.22464679915e-16
1.0
2.22044604925e-16
0.000606555491686
-0.14649642164
0.0244360128394
0.0
2.22044604925e-16
1.0
-1.0
-2.22044604925e-16
0.0
2.22044604925e-16
-1.0
2.22044604925e-16
-0.136793442433
-0.00644743070006
0.124084870983
1.0
0.0
0.0
0.0
2.22044604925e-16
-1.0
0.0
1.0
2.22044604925e-16
0.000606555491686
0.13360156024
0.123733729126
-1.0
-1.22464679915e-16
0.0
2.46519032882e-32
-2.22044604925e-16
-1.0
1.22464679915e-16
-1.0
2.22044604925e-16
0.000606555491686
0.13360156024
0.123733729126
-4.4408920985e-16
-1.0
0.0
1.0
-4.4408920985e-16
0.0
0.0
0.0
1.0
0.0263225208004
-0.00644743070006
-0.118134623376
-2.22044604925e-16
1.0
0.0
-1.0
-2.22044604925e-16
0.0
0.0
0.0
1.0
0.0263225208004
-0.00644743070006
-0.118134623376
-1.0
-1.22464679915e-16
0.0
2.46519032882e-32
-2.22044604925e-16
-1.0
1.22464679915e-16
-1.0
2.22044604925e-16
0.000606555491686
0.14360156024
0.0244360128394
-1.0
-1.22464679915e-16
0.0
2.46519032882e-32
-2.22044604925e-16
1.0
-1.22464679915e-16
1.0
2.22044604925e-16
0.000606555491686
-0.124412659024
0.123733729126
1.0
-0.0
0.0
0.0
2.22044604925e-16
1.0
-0.0
-1.0
2.22044604925e-16
0.000606555491686
-0.124412659024
0.123733729126
1.0
0.0
0.0
0.0
2.22044604925e-16
-1.0
0.0
1.0
2.22044604925e-16
0.000606555491686
0.14360156024
0.0244360128394
1.0
0.0
0.0
0.0
2.22044604925e-16
-1.0
0.0
1.0
2.22044604925e-16
0.000606555491686
0.13360156024
0.124084870983
-1.0
-1.22464679915e-16
0.0
2.46519032882e-32
-2.22044604925e-16
-1.0
1.22464679915e-16
-1.0
2.22044604925e-16
0.000606555491686
0.13360156024
0.124084870983
-1.0
-1.22464679915e-16
0.0
2.46519032882e-32
-2.22044604925e-16
1.0
-1.22464679915e-16
1.0
2.22044604925e-16
0.000606555491686
-0.124412659024
0.124084870983
1.0
-0.0
0.0
0.0
2.22044604925e-16
1.0
-0.0
-1.0
2.22044604925e-16
0.000606555491686
-0.124412659024
0.124084870983
1.0
-0.0
0.0
0.0
2.22044604925e-16
1.0
-0.0
-1.0
2.22044604925e-16
0.000606555491686
-0.13849642164
0.0244360128394
-1.0
-1.22464679915e-16
0.0
2.46519032882e-32
-2.22044604925e-16
1.0
-1.22464679915e-16
1.0
2.22044604925e-16
0.000606555491686
-0.13849642164
0.0244360128394
1.0
-0.0
0.0
0.0
2.22044604925e-16
1.0
-0.0
-1.0
2.22044604925e-16
0.000606555491686
-0.15649642164
0.0244360128394
-1.0
-1.22464679915e-16
0.0
2.46519032882e-32
-2.22044604925e-16
1.0
-1.22464679915e-16
1.0
2.22044604925e-16
0.000606555491686
-0.15649642164
0.0244360128394
-1.0
-1.22464679915e-16
0.0
2.46519032882e-32
-2.22044604925e-16
-1.0
1.22464679915e-16
-1.0
2.22044604925e-16
0.000606555491686
0.13360156024
0.0244360128394
1.0
0.0
0.0
0.0
2.22044604925e-16
-1.0
0.0
1.0
2.22044604925e-16
0.000606555491686
0.13360156024
0.0244360128394
1.0
-0.0
0.0
0.0
2.22044604925e-16
1.0
-0.0
-1.0
2.22044604925e-16
0.000606555491686
-0.124412659024
0.0244360128394
-1.0
-1.22464679915e-16
0.0
2.46519032882e-32
-2.22044604925e-16
1.0
-1.22464679915e-16
1.0
2.22044604925e-16
0.000606555491686
-0.124412659024
0.0244360128394
1.0
0.0
0.0
0.0
2.22044604925e-16
-1.0
0.0
1.0
2.22044604925e-16
0.000606555491686
0.12560156024
0.123733729126
-1.0
-1.22464679915e-16
0.0
2.46519032882e-32
-2.22044604925e-16
-1.0
1.22464679915e-16
-1.0
2.22044604925e-16
0.000606555491686
0.12560156024
0.123733729126
1.0
0.0
0.0
0.0
2.22044604925e-16
-1.0
0.0
1.0
2.22044604925e-16
0.000606555491686
0.12560156024
0.124084870983
-1.0
-1.22464679915e-16
0.0
2.46519032882e-32
-2.22044604925e-16
-1.0
1.22464679915e-16
-1.0
2.22044604925e-16
0.000606555491686
0.12560156024
0.124084870983
0.0
2.22044604925e-16
-1.0
-1.0
-2.22044604925e-16
0.0
-2.22044604925e-16
1.0
2.22044604925e-16
0.123922790801
-0.00644743070006
0.124084870983
0.0
-1.11022302463e-16
-1.0
1.0
-6.66133814775e-16
1.11022302463e-16
-5.55111512313e-16
-1.0
0.0
0.123922790801
-0.00644743070006
0.124084870983
0.0
-1.11022302463e-16
1.0
1.0
-6.66133814775e-16
-1.11022302463e-16
5.55111512313e-16
1.0
0.0
-0.122709679817
-0.00644743070006
0.124084870983
0.0
2.22044604925e-16
1.0
-1.0
-2.22044604925e-16
0.0
2.22044604925e-16
-1.0
2.22044604925e-16
-0.122709679817
-0.00644743070006
0.124084870983
-1.0
-1.22464679915e-16
0.0
-1.22464679915e-16
1.0
-1.22464679915e-16
1.49975978266e-32
-1.22464679915e-16
-1.0
0.000606555491686
-0.00644743070006
0.276304365342
1.0
0.0
0.0
0.0
-1.0
-1.22464679915e-16
0.0
1.22464679915e-16
-1.0
0.000606555491686
-0.00644743070006
0.276304365342
-2.22044604925e-16
1.0
0.0
1.0
2.22044604925e-16
-1.22464679915e-16
-1.22464679915e-16
-2.46519032882e-32
-1.0
0.000606555491686
-0.00644743070006
0.276304365342
-4.4408920985e-16
-1.0
1.23259516441e-32
-1.0
4.4408920985e-16
-1.22464679915e-16
1.22464679915e-16
-7.39557098645e-32
-1.0
0.000606555491686
-0.00644743070006
0.276304365342
-1.0
-1.22464679915e-16
0.0
2.46519032882e-32
-2.22044604925e-16
-1.0
1.22464679915e-16
-1.0
2.22044604925e-16
0.000606555491686
0.12560156024
0.0244360128394
1.0
0.0
0.0
0.0
2.22044604925e-16
-1.0
0.0
1.0
2.22044604925e-16
0.000606555491686
0.12560156024
0.0244360128394
1.0
0.0
0.0
0.0
2.22044604925e-16
-1.0
0.0
1.0
2.22044604925e-16
0.000606555491686
0.111517797624
0.123733729126
-1.0
-1.22464679915e-16
0.0
2.46519032882e-32
-2.22044604925e-16
-1.0
1.22464679915e-16
-1.0
2.22044604925e-16
0.000606555491686
0.111517797624
0.123733729126
1.0
0.0
0.0
0.0
2.22044604925e-16
-1.0
0.0
1.0
2.22044604925e-16
0.000606555491686
0.111517797624
0.124084870983
-1.0
-1.22464679915e-16
0.0
2.46519032882e-32
-2.22044604925e-16
-1.0
1.22464679915e-16
-1.0
2.22044604925e-16
0.000606555491686
0.111517797624
0.124084870983
-2.22044604925e-16
1.0
0.0
-1.0
-2.22044604925e-16
0.0
0.0
0.0
1.0
0.000606555491686
-0.00644743070006
-0.128134623376
-4.4408920985e-16
-1.0
0.0
1.0
-4.4408920985e-16
0.0
0.0
0.0
1.0
0.000606555491686
-0.00644743070006
-0.128134623376
1.0
0.0
0.0
0.0
1.0
0.0
0.0
0.0
1.0
0.000606555491686
-0.00644743070006
-0.128134623376
-1.0
-1.22464679915e-16
0.0
1.22464679915e-16
-1.0
0.0
0.0
0.0
1.0
0.000606555491686
-0.00644743070006
-0.128134623376
-1.0
-1.22464679915e-16
0.0
2.46519032882e-32
-2.22044604925e-16
-1.0
1.22464679915e-16
-1.0
2.22044604925e-16
0.000606555491686
0.111517797624
0.0244360128394
1.0
0.0
0.0
0.0
2.22044604925e-16
-1.0
0.0
1.0
2.22044604925e-16
0.000606555491686
0.111517797624
0.0244360128394
-2.22044604925e-16
1.0
0.0
1.0
2.22044604925e-16
-1.22464679915e-16
-1.22464679915e-16
-2.46519032882e-32
-1.0
-0.0251094098171
-0.00644743070006
0.276304365342
-4.4408920985e-16
-1.0
1.23259516441e-32
-1.0
4.4408920985e-16
-1.22464679915e-16
1.22464679915e-16
-7.39557098645e-32
-1.0
-0.0251094098171
-0.00644743070006
0.276304365342
-2.22044604925e-16
1.0
0.0
1.0
2.22044604925e-16
-1.22464679915e-16
-1.22464679915e-16
-2.46519032882e-32
-1.0
0.0263225208004
-0.00644743070006
0.276304365342
-4.4408920985e-16
-1.0
1.23259516441e-32
-1.0
4.4408920985e-16
-1.22464679915e-16
1.22464679915e-16
-7.39557098645e-32
-1.0
0.0263225208004
-0.00644743070006
0.276304365342
-2.22044604925e-16
1.0
0.0
-1.0
-2.22044604925e-16
0.0
0.0
0.0
1.0
-0.0251094098171
-0.00644743070006
-0.128134623376
-4.4408920985e-16
-1.0
0.0
1.0
-4.4408920985e-16
0.0
0.0
0.0
1.0
-0.0251094098171
-0.00644743070006
-0.128134623376
-4.4408920985e-16
-1.0
0.0
1.0
-4.4408920985e-16
0.0
0.0
0.0
1.0
0.0263225208004
-0.00644743070006
-0.128134623376
-2.22044604925e-16
1.0
0.0
-1.0
-2.22044604925e-16
0.0
0.0
0.0
1.0
0.0263225208004
-0.00644743070006
-0.128134623376
