1.0
0.0
0.0
0.0
2.22044604925e-16
-1.0
0.0
1.0
2.22044604925e-16
0.0
0.137399997925
-3.04201108747e-17
1.0
-0.0
0.0
0.0
2.22044604925e-16
1.0
-0.0
-1.0
2.22044604925e-16
0.0
-0.137399997925
-3.04201108747e-17
0.0
-1.11022302463e-16
-1.0
1.0
-6.66133814775e-16
1.11022302463e-16
-5.55111512313e-16
-1.0
0.0
0.137399997925
-7.60502771868e-18
-1.52100554374e-17
1.0
6.12323399574e-17
6.12323399574e-17
6.12323399574e-17
2.22044604925e-16
-1.0
-6.12323399574e-17
1.0
2.22044604925e-16
-8.41332338307e-18
0.137399997925
-3.34204952261e-17
-1.0
-1.22464679915e-16
0.0
2.46519032882e-32
-2.22044604925e-16
1.0
-1.22464679915e-16
1.0
2.22044604925e-16
0.0
-0.137399997925
-3.04201108747e-17
0.0
2.22044604925e-16
-1.0
-1.0
-2.22044604925e-16
0.0
-2.22044604925e-16
1.0
2.22044604925e-16
0.137399997925
0.0
-3.04201108747e-17
1.0
-6.12323399574e-17
6.12323399574e-17
-6.12323399574e-17
2.22044604925e-16
1.0
-6.12323399574e-17
-1.0
2.22044604925e-16
-8.41332338307e-18
-0.137399997925
-3.04201108747e-17
-1.0
-1.83697019872e-16
6.12323399574e-17
-6.12323399574e-17
-2.22044604925e-16
-1.0
1.83697019872e-16
-1.0
2.22044604925e-16
-8.41332338307e-18
0.137399997925
-3.34204952261e-17
-1.0
-6.12323399574e-17
6.12323399574e-17
6.12323399574e-17
-2.22044604925e-16
1.0
-6.12323399574e-17
1.0
2.22044604925e-16
-8.41332338307e-18
-0.137399997925
-3.04201108747e-17
0.0
2.22044604925e-16
1.0
-1.0
-2.22044604925e-16
0.0
2.22044604925e-16
-1.0
2.22044604925e-16
-0.137399997925
0.0
-3.04201108747e-17
0.0
-1.11022302463e-16
1.0
1.0
-6.66133814775e-16
-1.11022302463e-16
5.55111512313e-16
1.0
0.0
-0.137399997925
7.60502771868e-18
-1.52100554374e-17
-1.0
-1.22464679915e-16
0.0
2.46519032882e-32
-2.22044604925e-16
-1.0
1.22464679915e-16
-1.0
2.22044604925e-16
0.0
0.137399997925
-3.04201108747e-17
-1.0
-1.22464679915e-16
0.0
-1.22464679915e-16
1.0
-1.22464679915e-16
1.49975978266e-32
-1.22464679915e-16
-1.0
0.0
1.67776611483e-17
0.203899990236
-1.0
-1.22464679915e-16
0.0
-1.22464679915e-16
1.0
-1.22464679915e-16
1.49975978266e-32
-1.22464679915e-16
-1.0
-6.52124373464e-18
3.63413923523e-17
0.203899990236
-1.0
-1.22464679915e-16
0.0
1.22464679915e-16
-1.0
0.0
0.0
0.0
1.0
0.0
0.0
-0.203899990236
-4.4408920985e-16
-1.0
0.0
1.0
-4.4408920985e-16
0.0
0.0
0.0
1.0
0.0
0.0
-0.203899990236
-1.0
-1.22464679915e-16
0.0
1.22464679915e-16
-1.0
0.0
0.0
0.0
1.0
-6.52124373464e-18
-6.52124373464e-18
-0.203899990236
1.0
0.0
0.0
0.0
1.0
0.0
0.0
0.0
1.0
-6.52124373464e-18
-6.52124373464e-18
-0.203899990236
1.0
0.0
0.0
0.0
-1.0
-1.22464679915e-16
0.0
1.22464679915e-16
-1.0
0.0
1.67776611483e-17
0.203899990236
1.0
0.0
0.0
0.0
1.0
0.0
0.0
0.0
1.0
0.0
0.0
-0.203899990236
-4.4408920985e-16
-1.0
0.0
1.0
-4.4408920985e-16
0.0
0.0
0.0
1.0
-6.52124373464e-18
-6.52124373464e-18
-0.203899990236
-2.22044604925e-16
1.0
0.0
-1.0
-2.22044604925e-16
0.0
0.0
0.0
1.0
0.0
0.0
-0.203899990236
1.0
0.0
0.0
0.0
-1.0
-1.22464679915e-16
0.0
1.22464679915e-16
-1.0
-6.52124373464e-18
3.63413923523e-17
0.203899990236
-2.22044604925e-16
1.0
0.0
-1.0
-2.22044604925e-16
0.0
0.0
0.0
1.0
-6.52124373464e-18
-6.52124373464e-18
-0.203899990236
-4.4408920985e-16
-1.0
0.0
1.0
-4.4408920985e-16
0.0
0.0
0.0
1.0
0.0
0.0
-0.219399992739
-2.22044604925e-16
1.0
0.0
-1.0
-2.22044604925e-16
0.0
0.0
0.0
1.0
0.0
0.0
-0.219399992739
-1.0
-1.22464679915e-16
0.0
1.22464679915e-16
-1.0
0.0
0.0
0.0
1.0
0.0
0.0
-0.219399992739
-1.0
-1.22464679915e-16
0.0
1.22464679915e-16
-1.0
0.0
0.0
0.0
1.0
-6.52124373464e-18
-6.52124373464e-18
-0.219399992739
-2.22044604925e-16
1.0
0.0
-1.0
-2.22044604925e-16
0.0
0.0
0.0
1.0
-6.52124373464e-18
-6.52124373464e-18
-0.219399992739
-1.0
-1.22464679915e-16
0.0
-1.22464679915e-16
1.0
-1.22464679915e-16
1.49975978266e-32
-1.22464679915e-16
-1.0
0.0
1.67776611483e-17
0.219399992739
-1.0
-1.22464679915e-16
0.0
-1.22464679915e-16
1.0
-1.22464679915e-16
1.49975978266e-32
-1.22464679915e-16
-1.0
-6.52124373464e-18
3.63413923523e-17
0.219399992739
1.0
0.0
0.0
0.0
1.0
0.0
0.0
0.0
1.0
0.0
0.0
-0.219399992739
1.0
0.0
0.0
0.0
1.0
0.0
0.0
0.0
1.0
-6.52124373464e-18
-6.52124373464e-18
-0.219399992739
-4.4408920985e-16
-1.0
0.0
1.0
-4.4408920985e-16
0.0
0.0
0.0
1.0
-6.52124373464e-18
-6.52124373464e-18
-0.219399992739
1.0
0.0
0.0
0.0
-1.0
-1.22464679915e-16
0.0
1.22464679915e-16
-1.0
0.0
1.67776611483e-17
0.219399992739
1.0
0.0
0.0
0.0
-1.0
-1.22464679915e-16
0.0
1.22464679915e-16
-1.0
-6.52124373464e-18
3.63413923523e-17
0.219399992739
-1.0
-1.22464679915e-16
0.0
-1.22464679915e-16
1.0
-1.22464679915e-16
1.49975978266e-32
-1.22464679915e-16
-1.0
0.0
1.67776611483e-17
0.232399992739
-1.0
-1.22464679915e-16
0.0
-1.22464679915e-16
1.0
-1.22464679915e-16
1.49975978266e-32
-1.22464679915e-16
-1.0
-6.52124373464e-18
3.63413923523e-17
0.232399992739
-1.0
-1.22464679915e-16
0.0
1.22464679915e-16
-1.0
0.0
0.0
0.0
1.0
0.0
0.0
-0.232399992739
-4.4408920985e-16
-1.0
0.0
1.0
-4.4408920985e-16
0.0
0.0
0.0
1.0
0.0
0.0
-0.232399992739
-4.4408920985e-16
-1.0
0.0
1.0
-4.4408920985e-16
0.0
0.0
0.0
1.0
-6.52124373464e-18
-6.52124373464e-18
-0.232399992739
-1.0
-1.22464679915e-16
0.0
1.22464679915e-16
-1.0
0.0
0.0
0.0
1.0
-6.52124373464e-18
-6.52124373464e-18
-0.232399992739
-2.22044604925e-16
1.0
0.0
-1.0
-2.22044604925e-16
0.0
0.0
0.0
1.0
-6.52124373464e-18
-6.52124373464e-18
-0.232399992739
-2.22044604925e-16
1.0
0.0
-1.0
-2.22044604925e-16
0.0
0.0
0.0
1.0
0.0
0.0
-0.232399992739
1.0
0.0
0.0
0.0
-1.0
-1.22464679915e-16
0.0
1.22464679915e-16
-1.0
0.0
1.67776611483e-17
0.232399992739
1.0
0.0
0.0
0.0
-1.0
-1.22464679915e-16
0.0
1.22464679915e-16
-1.0
-6.52124373464e-18
3.63413923523e-17
0.232399992739
1.0
0.0
0.0
0.0
1.0
0.0
0.0
0.0
1.0
0.0
0.0
-0.232399992739
1.0
0.0
0.0
0.0
1.0
0.0
0.0
0.0
1.0
-6.52124373464e-18
-6.52124373464e-18
-0.232399992739
-4.4408920985e-16
-1.0
1.23259516441e-32
-1.0
4.4408920985e-16
-1.22464679915e-16
1.22464679915e-16
-7.39557098645e-32
-1.0
-6.52124373464e-18
3.63413923523e-17
0.203899990236
-2.22044604925e-16
1.0
0.0
1.0
2.22044604925e-16
-1.22464679915e-16
-1.22464679915e-16
-2.46519032882e-32
-1.0
0.0
1.67776611483e-17
0.203899990236
-4.4408920985e-16
-1.0
1.23259516441e-32
-1.0
4.4408920985e-16
-1.22464679915e-16
1.22464679915e-16
-7.39557098645e-32
-1.0
0.0
1.67776611483e-17
0.203899990236
-2.22044604925e-16
1.0
0.0
1.0
2.22044604925e-16
-1.22464679915e-16
-1.22464679915e-16
-2.46519032882e-32
-1.0
-6.52124373464e-18
3.63413923523e-17
0.203899990236
-4.4408920985e-16
-1.0
1.23259516441e-32
-1.0
4.4408920985e-16
-1.22464679915e-16
1.22464679915e-16
-7.39557098645e-32
-1.0
0.0
1.67776611483e-17
0.219399992739
-4.4408920985e-16
-1.0
1.23259516441e-32
-1.0
4.4408920985e-16
-1.22464679915e-16
1.22464679915e-16
-7.39557098645e-32
-1.0
-6.52124373464e-18
3.63413923523e-17
0.219399992739
-2.22044604925e-16
1.0
0.0
1.0
2.22044604925e-16
-1.22464679915e-16
-1.22464679915e-16
-2.46519032882e-32
-1.0
0.0
1.67776611483e-17
0.219399992739
-2.22044604925e-16
1.0
0.0
1.0
2.22044604925e-16
-1.22464679915e-16
-1.22464679915e-16
-2.46519032882e-32
-1.0
-6.52124373464e-18
3.63413923523e-17
0.219399992739
-4.4408920985e-16
-1.0
1.23259516441e-32
-1.0
4.4408920985e-16
-1.22464679915e-16
1.22464679915e-16
-7.39557098645e-32
-1.0
0.0
1.67776611483e-17
0.232399992739
-2.22044604925e-16
1.0
0.0
1.0
2.22044604925e-16
-1.22464679915e-16
-1.22464679915e-16
-2.46519032882e-32
-1.0
-6.52124373464e-18
3.63413923523e-17
0.232399992739
-2.22044604925e-16
1.0
0.0
1.0
2.22044604925e-16
-1.22464679915e-16
-1.22464679915e-16
-2.46519032882e-32
-1.0
0.0
1.67776611483e-17
0.232399992739
-4.4408920985e-16
-1.0
1.23259516441e-32
-1.0
4.4408920985e-16
-1.22464679915e-16
1.22464679915e-16
-7.39557098645e-32
-1.0
-6.52124373464e-18
3.63413923523e-17
0.232399992739
0.0
2.22044604925e-16
1.0
-1.0
-2.22044604925e-16
0.0
2.22044604925e-16
-1.0
2.22044604925e-16
-0.137399997925
0.0
0.1
1.0
-0.0
0.0
0.0
2.22044604925e-16
1.0
-0.0
-1.0
2.22044604925e-16
0.0
-0.137399997925
0.1
-1.0
-1.22464679915e-16
0.0
2.46519032882e-32
-2.22044604925e-16
-1.0
1.22464679915e-16
-1.0
2.22044604925e-16
0.0
0.137399997925
0.1
0.0
2.22044604925e-16
-1.0
-1.0
-2.22044604925e-16
0.0
-2.22044604925e-16
1.0
2.22044604925e-16
0.137399997925
0.0
0.1
1.0
0.0
0.0
0.0
2.22044604925e-16
-1.0
0.0
1.0
2.22044604925e-16
0.0
0.137399997925
0.1
0.0
-1.11022302463e-16
1.0
1.0
-6.66133814775e-16
-1.11022302463e-16
5.55111512313e-16
1.0
0.0
-0.137399997925
7.60502771868e-18
0.1
0.0
-1.11022302463e-16
-1.0
1.0
-6.66133814775e-16
1.11022302463e-16
-5.55111512313e-16
-1.0
0.0
0.137399997925
-7.60502771868e-18
0.1
-1.0
-1.22464679915e-16
0.0
2.46519032882e-32
-2.22044604925e-16
1.0
-1.22464679915e-16
1.0
2.22044604925e-16
0.0
-0.137399997925
0.1
