-1.56992474576e-16
1.0
8.96761130355e-34
1.0
1.57046684685e-16
-1.22460635382e-16
-1.22460635382e-16
-1.83264271271e-32
-1.0
0.0
-1.86264513245e-09
0.186899997031
-1.56992474576e-16
1.0
0.0
-1.0
-1.56992474576e-16
0.0
0.0
0.0
1.0
0.0
-1.86264514923e-09
-0.121899999415
-4.70977423728e-16
-1.0
0.0
1.0
-4.70977423728e-16
0.0
0.0
0.0
1.0
0.0
-1.86264514923e-09
-0.121899999415
-4.70977423728e-16
-1.0
-2.69028339107e-33
-1.0
4.71085843945e-16
-1.22460635382e-16
1.22460635382e-16
-5.49913184433e-32
-1.0
0.0
-1.86264513245e-09
0.186899997031
-1.56992474576e-16
1.0
8.96761130355e-34
1.0
1.57046684685e-16
-1.22460635382e-16
-1.22460635382e-16
-1.83264271271e-32
-1.0
0.0114904847728
-1.86264512648e-09
0.186899997031
-4.70977423728e-16
-1.0
0.0
1.0
-4.70977423728e-16
0.0
0.0
0.0
1.0
-0.0114904847728
-1.86264515122e-09
-0.121899999415
-1.56992474576e-16
1.0
0.0
-1.0
-1.56992474576e-16
0.0
0.0
0.0
1.0
0.0114904847728
-1.86264515122e-09
-0.121899999415
-4.70977423728e-16
-1.0
-2.69028339107e-33
-1.0
4.71085843945e-16
-1.22460635382e-16
1.22460635382e-16
-5.49913184433e-32
-1.0
-0.0114904847728
-1.86264512648e-09
0.186899997031
-1.56992474576e-16
1.0
8.96761130355e-34
1.0
1.57046684685e-16
-1.22460635382e-16
-1.22460635382e-16
-1.83264271271e-32
-1.0
-0.0114904847728
-1.86264512648e-09
0.186899997031
-4.70977423728e-16
-1.0
0.0
1.0
-4.70977423728e-16
0.0
0.0
0.0
1.0
0.0114904847728
-1.86264515122e-09
-0.121899999415
-1.56992474576e-16
1.0
0.0
-1.0
-1.56992474576e-16
0.0
0.0
0.0
1.0
-0.0114904847728
-1.86264515122e-09
-0.121899999415
-4.70977423728e-16
-1.0
-2.69028339107e-33
-1.0
4.71085843945e-16
-1.22460635382e-16
1.22460635382e-16
-5.49913184433e-32
-1.0
0.0114904847728
-1.86264512648e-09
0.186899997031
-4.70977423728e-16
-1.0
-2.69028339107e-33
-1.0
4.71085843945e-16
-1.22460635382e-16
1.22460635382e-16
-5.49913184433e-32
-1.0
0.0
-1.86264513245e-09
0.162399995541
-1.56992474576e-16
1.0
0.0
-1.0
-1.56992474576e-16
0.0
0.0
0.0
1.0
0.0
-1.86264514923e-09
-0.0973999979248
-4.70977423728e-16
-1.0
0.0
1.0
-4.70977423728e-16
0.0
0.0
0.0
1.0
0.0
-1.86264514923e-09
-0.0973999979248
-1.56992474576e-16
1.0
8.96761130355e-34
1.0
1.57046684685e-16
-1.22460635382e-16
-1.22460635382e-16
-1.83264271271e-32
-1.0
0.0
-1.86264513245e-09
0.162399995541
-4.70977423728e-16
-1.0
-2.69028339107e-33
-1.0
4.71085843945e-16
-1.22460635382e-16
1.22460635382e-16
-5.49913184433e-32
-1.0
-0.0114904847728
-1.86264512648e-09
0.162399995541
-4.70977423728e-16
-1.0
0.0
1.0
-4.70977423728e-16
0.0
0.0
0.0
1.0
-0.0114904847728
-1.86264515122e-09
-0.0973999979248
-1.56992474576e-16
1.0
0.0
-1.0
-1.56992474576e-16
0.0
0.0
0.0
1.0
0.0114904847728
-1.86264515122e-09
-0.0973999979248
-1.56992474576e-16
1.0
8.96761130355e-34
1.0
1.57046684685e-16
-1.22460635382e-16
-1.22460635382e-16
-1.83264271271e-32
-1.0
0.0114904847728
-1.86264512648e-09
0.162399995541
-4.70977423728e-16
-1.0
-2.69028339107e-33
-1.0
4.71085843945e-16
-1.22460635382e-16
1.22460635382e-16
-5.49913184433e-32
-1.0
0.0114904847728
-1.86264512648e-09
0.162399995541
-4.70977423728e-16
-1.0
0.0
1.0
-4.70977423728e-16
0.0
0.0
0.0
1.0
0.0114904847728
-1.86264515122e-09
-0.0973999979248
-1.56992474576e-16
1.0
0.0
-1.0
-1.56992474576e-16
0.0
0.0
0.0
1.0
-0.0114904847728
-1.86264515122e-09
-0.0973999979248
-1.56992474576e-16
1.0
8.96761130355e-34
1.0
1.57046684685e-16
-1.22460635382e-16
-1.22460635382e-16
-1.83264271271e-32
-1.0
-0.0114904847728
-1.86264512648e-09
0.162399995541
0.0
2.22044604925e-16
-1.0
-1.0
-2.22044604925e-16
0.0
-2.22044604925e-16
1.0
2.22044604925e-16
0.184899996435
-1.86264514923e-09
0.0324999988079
1.11022302463e-16
-1.11022302463e-16
1.0
1.0
-5.55111512313e-16
-1.11022302463e-16
5.55111512313e-16
1.0
1.11022302463e-16
-0.184899996435
-1.86264514163e-09
0.0324999988079
1.11022302463e-16
-1.11022302463e-16
-1.0
1.0
-5.55111512313e-16
1.11022302463e-16
-5.55111512313e-16
-1.0
1.11022302463e-16
0.184899996435
-1.86264515684e-09
0.0324999988079
0.0
2.22044604925e-16
1.0
-1.0
-2.22044604925e-16
0.0
2.22044604925e-16
-1.0
2.22044604925e-16
-0.184899996435
-1.86264514923e-09
0.0324999988079
-4.70977423728e-16
-1.0
-2.69028339107e-33
-1.0
4.71085843945e-16
-1.22460635382e-16
1.22460635382e-16
-5.49913184433e-32
-1.0
-0.0474999985099
-1.86264513245e-09
0.186899997031
-4.70977423728e-16
-1.0
0.0
1.0
-4.70977423728e-16
0.0
0.0
0.0
1.0
-0.0474999985099
-1.86264514923e-09
-0.121899999415
-1.56992474576e-16
1.0
8.96761130355e-34
1.0
1.57046684685e-16
-1.22460635382e-16
-1.22460635382e-16
-1.83264271271e-32
-1.0
0.05
-1.86264513245e-09
0.186899997031
-1.56992474576e-16
1.0
0.0
-1.0
-1.56992474576e-16
0.0
0.0
0.0
1.0
0.05
-1.86264514923e-09
-0.121899999415
-4.70977423728e-16
-1.0
-2.69028339107e-33
-1.0
4.71085843945e-16
-1.22460635382e-16
1.22460635382e-16
-5.49913184433e-32
-1.0
-0.0474999985099
-1.86264513245e-09
0.162399995541
-4.70977423728e-16
-1.0
0.0
1.0
-4.70977423728e-16
0.0
0.0
0.0
1.0
-0.0474999985099
-1.86264514923e-09
-0.0973999979248
-1.56992474576e-16
1.0
8.96761130355e-34
1.0
1.57046684685e-16
-1.22460635382e-16
-1.22460635382e-16
-1.83264271271e-32
-1.0
0.05
-1.86264513245e-09
0.162399995541
-1.56992474576e-16
1.0
0.0
-1.0
-1.56992474576e-16
0.0
0.0
0.0
1.0
0.05
-1.86264514923e-09
-0.0973999979248
-1.56992474576e-16
1.0
8.96761130355e-34
1.0
1.57046684685e-16
-1.22460635382e-16
-1.22460635382e-16
-1.83264271271e-32
-1.0
-0.0474999985099
-1.86264513245e-09
0.186899997031
-1.56992474576e-16
1.0
0.0
-1.0
-1.56992474576e-16
0.0
0.0
0.0
1.0
-0.0474999985099
-1.86264514923e-09
-0.121899999415
-1.56992474576e-16
1.0
8.96761130355e-34
1.0
1.57046684685e-16
-1.22460635382e-16
-1.22460635382e-16
-1.83264271271e-32
-1.0
-0.0474999985099
-1.86264513245e-09
0.162399995541
-1.56992474576e-16
1.0
0.0
-1.0
-1.56992474576e-16
0.0
0.0
0.0
1.0
-0.0474999985099
-1.86264514923e-09
-0.0973999979248
-4.70977423728e-16
-1.0
0.0
1.0
-4.70977423728e-16
0.0
0.0
0.0
1.0
0.05
-1.86264514923e-09
-0.121899999415
-4.70977423728e-16
-1.0
-2.69028339107e-33
-1.0
4.71085843945e-16
-1.22460635382e-16
1.22460635382e-16
-5.49913184433e-32
-1.0
0.05
-1.86264513245e-09
0.186899997031
-4.70977423728e-16
-1.0
-2.69028339107e-33
-1.0
4.71085843945e-16
-1.22460635382e-16
1.22460635382e-16
-5.49913184433e-32
-1.0
0.05
-1.86264513245e-09
0.162399995541
-4.70977423728e-16
-1.0
0.0
1.0
-4.70977423728e-16
0.0
0.0
0.0
1.0
0.05
-1.86264514923e-09
-0.0973999979248
0.0
2.22044604925e-16
-1.0
-1.0
-2.22044604925e-16
0.0
-2.22044604925e-16
1.0
2.22044604925e-16
0.209399997925
-1.86264514923e-09
0.0324999988079
1.11022302463e-16
-1.11022302463e-16
1.0
1.0
-5.55111512313e-16
-1.11022302463e-16
5.55111512313e-16
1.0
1.11022302463e-16
-0.209399997925
-1.86264514163e-09
0.0324999988079
1.11022302463e-16
-1.11022302463e-16
-1.0
1.0
-5.55111512313e-16
1.11022302463e-16
-5.55111512313e-16
-1.0
1.11022302463e-16
0.209399997925
-1.86264515684e-09
0.0324999988079
0.0
2.22044604925e-16
1.0
-1.0
-2.22044604925e-16
0.0
2.22044604925e-16
-1.0
2.22044604925e-16
-0.209399997925
-1.86264514923e-09
0.0324999988079
