1.0
0.0
0.0
0.0
1.0
0.0
0.0
0.0
1.0
0.0
-1.86264514923e-09
-0.140199999292
-1.0
-1.22460635382e-16
0.0
1.22460635382e-16
-1.0
0.0
0.0
0.0
1.0
0.0
-1.86264514923e-09
-0.140199999292
-1.0
-1.22460635382e-16
-1.36845553157e-48
-1.22460635382e-16
1.0
-1.22460635382e-16
1.49966072182e-32
-1.22460635382e-16
-1.0
0.0
-1.86264513245e-09
0.205199996907
1.0
0.0
0.0
0.0
-1.0
-1.22460635382e-16
0.0
1.22460635382e-16
-1.0
0.0
-1.86264513245e-09
0.205199996907
-1.0
-1.22460635382e-16
0.0
1.22460635382e-16
-1.0
0.0
0.0
0.0
1.0
0.0
-0.0125000020862
-0.140199999292
1.0
0.0
0.0
0.0
1.0
0.0
0.0
0.0
1.0
0.0
-0.0125000020862
-0.140199999292
-1.0
-1.22460635382e-16
-1.36845553157e-48
-1.22460635382e-16
1.0
-1.22460635382e-16
1.49966072182e-32
-1.22460635382e-16
-1.0
0.0
-0.0125000020862
0.205199996907
1.0
0.0
0.0
0.0
-1.0
-1.22460635382e-16
0.0
1.22460635382e-16
-1.0
0.0
-0.0125000020862
0.205199996907
1.0
0.0
0.0
0.0
-1.0
-1.22460635382e-16
0.0
1.22460635382e-16
-1.0
-2.15394451543e-18
0.0134619384207
0.205199996907
1.0
0.0
0.0
0.0
1.0
0.0
0.0
0.0
1.0
-2.15394451543e-18
0.0134619384207
-0.140199999292
-1.0
-1.22460635382e-16
0.0
1.22460635382e-16
-1.0
0.0
0.0
0.0
1.0
-2.15394451543e-18
-0.013461942146
-0.140199999292
1.0
0.0
0.0
0.0
1.0
0.0
0.0
0.0
1.0
-2.15394451543e-18
-0.013461942146
-0.140199999292
-1.0
-1.22460635382e-16
0.0
1.22460635382e-16
-1.0
0.0
0.0
0.0
1.0
-2.15394451543e-18
0.0134619384207
-0.140199999292
-1.0
-1.22460635382e-16
-1.36845553157e-48
-1.22460635382e-16
1.0
-1.22460635382e-16
1.49966072182e-32
-1.22460635382e-16
-1.0
-2.15394451543e-18
-0.013461942146
0.205199996907
-1.0
-1.22460635382e-16
-1.36845553157e-48
-1.22460635382e-16
1.0
-1.22460635382e-16
1.49966072182e-32
-1.22460635382e-16
-1.0
-2.15394451543e-18
0.0134619384207
0.205199996907
1.0
0.0
0.0
0.0
-1.0
-1.22460635382e-16
0.0
1.22460635382e-16
-1.0
-2.15394451543e-18
-0.013461942146
0.205199996907
1.0
0.0
0.0
0.0
1.57046684685e-16
-1.0
0.0
1.0
1.57046684685e-16
0.0
0.192699997653
0.0324999988079
-1.0
-1.22460635382e-16
8.96761130355e-34
1.83264271271e-32
-1.56992474576e-16
-1.0
1.22460635382e-16
-1.0
1.57046684685e-16
0.0
0.192699997653
0.0324999988079
1.0
-0
0.0
0.0
1.57046684685e-16
1.0
-0
-1.0
1.57046684685e-16
0.0
-0.192700001378
0.0324999988079
-1.0
-1.22460635382e-16
-8.96761130355e-34
1.83264271271e-32
-1.56992474576e-16
1.0
-1.22460635382e-16
1.0
1.57046684685e-16
0.0
-0.192700001378
0.0324999988079
-1.0
-1.22460635382e-16
0.0
1.22460635382e-16
-1.0
0.0
0.0
0.0
1.0
0.0
-1.86264514923e-09
-0.164700000782
1.0
0.0
0.0
0.0
1.0
0.0
0.0
0.0
1.0
0.0
-1.86264514923e-09
-0.164700000782
1.0
0.0
0.0
0.0
-1.0
-1.22460635382e-16
0.0
1.22460635382e-16
-1.0
0.0
-1.86264513245e-09
0.229699998398
-1.0
-1.22460635382e-16
-1.36845553157e-48
-1.22460635382e-16
1.0
-1.22460635382e-16
1.49966072182e-32
-1.22460635382e-16
-1.0
0.0
-1.86264513245e-09
0.229699998398
-1.0
-1.22460635382e-16
0.0
1.22460635382e-16
-1.0
0.0
0.0
0.0
1.0
0.0
-0.0125000020862
-0.164700000782
1.0
0.0
0.0
0.0
1.0
0.0
0.0
0.0
1.0
0.0
-0.0125000020862
-0.164700000782
-1.0
-1.22460635382e-16
-1.36845553157e-48
-1.22460635382e-16
1.0
-1.22460635382e-16
1.49966072182e-32
-1.22460635382e-16
-1.0
0.0
-0.0125000020862
0.229699998398
1.0
0.0
0.0
0.0
-1.0
-1.22460635382e-16
0.0
1.22460635382e-16
-1.0
0.0
-0.0125000020862
0.229699998398
1.0
0.0
0.0
0.0
-1.0
-1.22460635382e-16
0.0
1.22460635382e-16
-1.0
-2.15394451543e-18
0.0134619384207
0.229699998398
1.0
0.0
0.0
0.0
1.0
0.0
0.0
0.0
1.0
-2.15394451543e-18
0.0134619384207
-0.164700000782
-1.0
-1.22460635382e-16
0.0
1.22460635382e-16
-1.0
0.0
0.0
0.0
1.0
-2.15394451543e-18
-0.013461942146
-0.164700000782
1.0
0.0
0.0
0.0
1.0
0.0
0.0
0.0
1.0
-2.15394451543e-18
-0.013461942146
-0.164700000782
-1.0
-1.22460635382e-16
0.0
1.22460635382e-16
-1.0
0.0
0.0
0.0
1.0
-2.15394451543e-18
0.0134619384207
-0.164700000782
-1.0
-1.22460635382e-16
-1.36845553157e-48
-1.22460635382e-16
1.0
-1.22460635382e-16
1.49966072182e-32
-1.22460635382e-16
-1.0
-2.15394451543e-18
-0.013461942146
0.229699998398
-1.0
-1.22460635382e-16
-1.36845553157e-48
-1.22460635382e-16
1.0
-1.22460635382e-16
1.49966072182e-32
-1.22460635382e-16
-1.0
-2.15394451543e-18
0.0134619384207
0.229699998398
1.0
0.0
0.0
0.0
-1.0
-1.22460635382e-16
0.0
1.22460635382e-16
-1.0
-2.15394451543e-18
-0.013461942146
0.229699998398
1.0
0.0
0.0
0.0
1.57046684685e-16
-1.0
0.0
1.0
1.57046684685e-16
-3.47944897505e-18
0.192699997653
0.0542462109251
-1.0
-1.22460635382e-16
-8.96761130355e-34
1.83264271271e-32
-1.56992474576e-16
1.0
-1.22460635382e-16
1.0
1.57046684685e-16
-3.47944897505e-18
-0.192700001378
0.0542462109251
-1.0
-1.22460635382e-16
8.96761130355e-34
1.83264271271e-32
-1.56992474576e-16
-1.0
1.22460635382e-16
-1.0
1.57046684685e-16
-3.47944897505e-18
0.192699997653
0.0107537866907
1.0
-0
0.0
0.0
1.57046684685e-16
1.0
-0
-1.0
1.57046684685e-16
-3.47944897505e-18
-0.192700001378
0.0107537866907
1.0
-0
0.0
0.0
1.57046684685e-16
1.0
-0
-1.0
1.57046684685e-16
-3.47944897505e-18
-0.192700001378
0.0542462109251
-1.0
-1.22460635382e-16
8.96761130355e-34
1.83264271271e-32
-1.56992474576e-16
-1.0
1.22460635382e-16
-1.0
1.57046684685e-16
-3.47944897505e-18
0.192699997653
0.0542462109251
-1.0
-1.22460635382e-16
-8.96761130355e-34
1.83264271271e-32
-1.56992474576e-16
1.0
-1.22460635382e-16
1.0
1.57046684685e-16
-3.47944897505e-18
-0.192700001378
0.0107537866907
1.0
0.0
0.0
0.0
1.57046684685e-16
-1.0
0.0
1.0
1.57046684685e-16
-3.47944897505e-18
0.192699997653
0.0107537866907
-1.0
-1.22460635382e-16
-1.36845553157e-48
-1.22460635382e-16
1.0
-1.22460635382e-16
1.49966072182e-32
-1.22460635382e-16
-1.0
0.0
0.0499999981374
0.205199996907
1.0
0.0
0.0
0.0
1.0
0.0
0.0
0.0
1.0
0.0
0.0499999981374
-0.140199999292
1.0
0.0
0.0
0.0
-1.0
-1.22460635382e-16
0.0
1.22460635382e-16
-1.0
0.0
0.0499999981374
0.205199996907
-1.0
-1.22460635382e-16
0.0
1.22460635382e-16
-1.0
0.0
0.0
0.0
1.0
0.0
0.0499999981374
-0.140199999292
-1.0
-1.22460635382e-16
8.96761130355e-34
1.83264271271e-32
-1.56992474576e-16
-1.0
1.22460635382e-16
-1.0
1.57046684685e-16
0.0
0.217199999143
0.0324999988079
1.0
-0
0.0
0.0
1.57046684685e-16
1.0
-0
-1.0
1.57046684685e-16
0.0
-0.217200002868
0.0324999988079
-1.0
-1.22460635382e-16
-8.96761130355e-34
1.83264271271e-32
-1.56992474576e-16
1.0
-1.22460635382e-16
1.0
1.57046684685e-16
0.0
-0.217200002868
0.0324999988079
1.0
0.0
0.0
0.0
1.57046684685e-16
-1.0
0.0
1.0
1.57046684685e-16
0.0
0.217199999143
0.0324999988079
-1.0
-1.22460635382e-16
-8.96761130355e-34
1.83264271271e-32
-1.56992474576e-16
1.0
-1.22460635382e-16
1.0
1.57046684685e-16
-3.47944897505e-18
-0.217200002868
0.0107537866907
1.0
0.0
0.0
0.0
1.57046684685e-16
-1.0
0.0
1.0
1.57046684685e-16
-3.47944897505e-18
0.217199999143
0.0107537866907
-1.0
-1.22460635382e-16
8.96761130355e-34
1.83264271271e-32
-1.56992474576e-16
-1.0
1.22460635382e-16
-1.0
1.57046684685e-16
-3.47944897505e-18
0.217199999143
0.0107537866907
-1.0
-1.22460635382e-16
-8.96761130355e-34
1.83264271271e-32
-1.56992474576e-16
1.0
-1.22460635382e-16
1.0
1.57046684685e-16
-3.47944897505e-18
-0.217200002868
0.0542462109251
1.0
-0
0.0
0.0
1.57046684685e-16
1.0
-0
-1.0
1.57046684685e-16
-3.47944897505e-18
-0.217200002868
0.0107537866907
1.0
-0
0.0
0.0
1.57046684685e-16
1.0
-0
-1.0
1.57046684685e-16
-3.47944897505e-18
-0.217200002868
0.0542462109251
-1.0
-1.22460635382e-16
8.96761130355e-34
1.83264271271e-32
-1.56992474576e-16
-1.0
1.22460635382e-16
-1.0
1.57046684685e-16
-3.47944897505e-18
0.217199999143
0.0542462109251
1.0
0.0
0.0
0.0
1.57046684685e-16
-1.0
0.0
1.0
1.57046684685e-16
-3.47944897505e-18
0.217199999143
0.0542462109251
-1.0
-1.22460635382e-16
-1.36845553157e-48
-1.22460635382e-16
1.0
-1.22460635382e-16
1.49966072182e-32
-1.22460635382e-16
-1.0
0.0
0.0499999981374
0.229699998398
1.0
0.0
0.0
0.0
1.0
0.0
0.0
0.0
1.0
0.0
0.0499999981374
-0.164700000782
1.0
0.0
0.0
0.0
-1.0
-1.22460635382e-16
0.0
1.22460635382e-16
-1.0
0.0
0.0499999981374
0.229699998398
-1.0
-1.22460635382e-16
0.0
1.22460635382e-16
-1.0
0.0
0.0
0.0
1.0
0.0
0.0499999981374
-0.164700000782
