1.0
-0
0.0
0.0
1.57046684685e-16
1.0
-0
-1.0
1.57046684685e-16
0.00512462481856
-0.133749550608
0.0635533793829
-1.0
-1.22460635382e-16
-8.96761130355e-34
1.83264271271e-32
-1.56992474576e-16
1.0
-1.22460635382e-16
1.0
1.57046684685e-16
0.00512462481856
-0.133749550608
0.0635533793829
1.11022302463e-16
-1.11022302463e-16
-1.0
1.0
-5.55111512313e-16
1.11022302463e-16
-5.55111512313e-16
-1.0
1.11022302463e-16
0.132234219862
-0.00663995556533
0.0635533793829
0.0
2.22044604925e-16
-1.0
-1.0
-2.22044604925e-16
0.0
-2.22044604925e-16
1.0
2.22044604925e-16
0.132234219862
-0.00663995556533
0.0635533793829
0.0
2.22044604925e-16
1.0
-1.0
-2.22044604925e-16
0.0
2.22044604925e-16
-1.0
2.22044604925e-16
-0.121984970224
-0.00663995556533
0.0635533793829
1.11022302463e-16
-1.11022302463e-16
1.0
1.0
-5.55111512313e-16
-1.11022302463e-16
5.55111512313e-16
1.0
1.11022302463e-16
-0.121984970224
-0.00663995556533
0.0635533793829
-1.0
-1.22460635382e-16
8.96761130355e-34
1.83264271271e-32
-1.56992474576e-16
-1.0
1.22460635382e-16
-1.0
1.57046684685e-16
0.00512462481856
0.120469639478
0.0635533793829
1.0
0.0
0.0
0.0
1.57046684685e-16
-1.0
0.0
1.0
1.57046684685e-16
0.00512462481856
0.120469639478
0.0635533793829
1.0
-0
0.0
0.0
1.57046684685e-16
1.0
-0
-1.0
1.57046684685e-16
0.00512462481856
-0.133749550608
0.044492293112
-1.0
-1.22460635382e-16
-8.96761130355e-34
1.83264271271e-32
-1.56992474576e-16
1.0
-1.22460635382e-16
1.0
1.57046684685e-16
0.00512462481856
-0.133749550608
0.044492293112
1.11022302463e-16
-1.11022302463e-16
-1.0
1.0
-5.55111512313e-16
1.11022302463e-16
-5.55111512313e-16
-1.0
1.11022302463e-16
0.132234219862
-0.00663995556533
0.044492293112
0.0
2.22044604925e-16
-1.0
-1.0
-2.22044604925e-16
0.0
-2.22044604925e-16
1.0
2.22044604925e-16
0.132234219862
-0.00663995556533
0.044492293112
0.0
2.22044604925e-16
1.0
-1.0
-2.22044604925e-16
0.0
2.22044604925e-16
-1.0
2.22044604925e-16
-0.121984970224
-0.00663995556533
0.044492293112
1.0
0.0
0.0
0.0
1.57046684685e-16
-1.0
0.0
1.0
1.57046684685e-16
0.00512462481856
0.120469639478
0.044492293112
1.11022302463e-16
-1.11022302463e-16
1.0
1.0
-5.55111512313e-16
-1.11022302463e-16
5.55111512313e-16
1.0
1.11022302463e-16
-0.121984970224
-0.00663995556533
0.044492293112
-1.0
-1.22460635382e-16
8.96761130355e-34
1.83264271271e-32
-1.56992474576e-16
-1.0
1.22460635382e-16
-1.0
1.57046684685e-16
0.00512462481856
0.120469639478
0.044492293112
1.0
-0
0.0
0.0
1.57046684685e-16
1.0
-0
-1.0
1.57046684685e-16
0.00512462481856
-0.133749550608
0.113553379383
-1.0
-1.22460635382e-16
-8.96761130355e-34
1.83264271271e-32
-1.56992474576e-16
1.0
-1.22460635382e-16
1.0
1.57046684685e-16
0.00512462481856
-0.133749550608
0.113553379383
0.0
2.22044604925e-16
-1.0
-1.0
-2.22044604925e-16
0.0
-2.22044604925e-16
1.0
2.22044604925e-16
0.132234219862
-0.00663995556533
0.113553379383
1.11022302463e-16
-1.11022302463e-16
-1.0
1.0
-5.55111512313e-16
1.11022302463e-16
-5.55111512313e-16
-1.0
1.11022302463e-16
0.132234219862
-0.00663995556533
0.113553379383
0.0
2.22044604925e-16
1.0
-1.0
-2.22044604925e-16
0.0
2.22044604925e-16
-1.0
2.22044604925e-16
-0.121984970224
-0.00663995556533
0.113553379383
1.0
0.0
0.0
0.0
1.57046684685e-16
-1.0
0.0
1.0
1.57046684685e-16
0.00512462481856
0.120469639478
0.113553379383
-1.0
-1.22460635382e-16
8.96761130355e-34
1.83264271271e-32
-1.56992474576e-16
-1.0
1.22460635382e-16
-1.0
1.57046684685e-16
0.00512462481856
0.120469639478
0.113553379383
1.11022302463e-16
-1.11022302463e-16
1.0
1.0
-5.55111512313e-16
-1.11022302463e-16
5.55111512313e-16
1.0
1.11022302463e-16
-0.121984970224
-0.00663995556533
0.113553379383
1.0
-5.6022965735e-17
5.6022965735e-17
-5.6022965735e-17
1.57046684685e-16
1.0
-5.6022965735e-17
-1.0
1.57046684685e-16
0.00512462481856
-0.133749550608
0.0512472613239
-1.0
-6.64376696472e-17
5.6022965735e-17
5.6022965735e-17
-1.56992474576e-16
1.0
-6.64376696472e-17
1.0
1.57046684685e-16
0.00512462481856
-0.133749550608
0.0758594974419
-1.0
-6.64376696472e-17
5.6022965735e-17
5.6022965735e-17
-1.56992474576e-16
1.0
-6.64376696472e-17
1.0
1.57046684685e-16
0.00512462481856
-0.133749550608
0.0512472613239
1.0
-5.6022965735e-17
5.6022965735e-17
-5.6022965735e-17
1.57046684685e-16
1.0
-5.6022965735e-17
-1.0
1.57046684685e-16
0.00512462481856
-0.133749550608
0.0758594974419
-1.0
-1.78483601117e-16
5.6022965735e-17
-5.6022965735e-17
-1.56992474576e-16
-1.0
1.78483601117e-16
-1.0
1.57046684685e-16
0.00512462481856
0.120469639478
0.0512472613239
1.0
5.6022965735e-17
5.6022965735e-17
5.6022965735e-17
1.57046684685e-16
-1.0
-5.6022965735e-17
1.0
1.57046684685e-16
0.00512462481856
0.120469639478
0.0512472613239
1.0
5.6022965735e-17
5.6022965735e-17
5.6022965735e-17
1.57046684685e-16
-1.0
-5.6022965735e-17
1.0
1.57046684685e-16
0.00512462481856
0.120469639478
0.0758594974419
-1.0
-1.78483601117e-16
5.6022965735e-17
-5.6022965735e-17
-1.56992474576e-16
-1.0
1.78483601117e-16
-1.0
1.57046684685e-16
0.00512462481856
0.120469639478
0.0758594974419
