-2.22044604925e-16
1.0
0.0
-1.0
-2.22044604925e-16
0.0
0.0
0.0
1.0
-3.68896871805e-06
1.72946602106e-06
-0.0975950544159
1.0
0.0
0.0
0.0
1.0
0.0
0.0
0.0
1.0
-3.68896871805e-06
1.72946602106e-06
-0.0975950544159
-4.4408920985e-16
-1.0
0.0
1.0
-4.4408920985e-16
0.0
0.0
0.0
1.0
-3.68896871805e-06
1.72946602106e-06
-0.0975950544159
-1.0
-1.22464679915e-16
0.0
1.22464679915e-16
-1.0
0.0
0.0
0.0
1.0
-3.68896871805e-06
1.72946602106e-06
-0.0975950544159
0.0
-1.11022302463e-16
1.0
1.0
-6.66133814775e-16
-1.11022302463e-16
5.55111512313e-16
1.0
0.0
-0.150403686894
1.72946602107e-06
0.039127785567
-1.0
-1.22464679915e-16
0.0
2.46519032882e-32
-2.22044604925e-16
-1.0
1.22464679915e-16
-1.0
2.22044604925e-16
-3.68896871805e-06
0.150401727391
0.039127785567
0.0
-1.11022302463e-16
-1.0
1.0
-6.66133814775e-16
1.11022302463e-16
-5.55111512313e-16
-1.0
0.0
0.150396308956
1.72946602105e-06
0.039127785567
1.0
0.0
0.0
0.0
2.22044604925e-16
-1.0
0.0
1.0
2.22044604925e-16
-3.68896871805e-06
0.137401727391
0.039127785567
1.0
-0.0
0.0
0.0
2.22044604925e-16
1.0
-0.0
-1.0
2.22044604925e-16
-3.68896871805e-06
-0.137398268459
0.039127785567
0.0
2.22044604925e-16
-1.0
-1.0
-2.22044604925e-16
0.0
-2.22044604925e-16
1.0
2.22044604925e-16
0.137396308956
1.72946602106e-06
0.039127785567
0.0
-1.11022302463e-16
-1.0
1.0
-6.66133814775e-16
1.11022302463e-16
-5.55111512313e-16
-1.0
0.0
0.137396308956
1.72946602105e-06
0.039127785567
-1.0
-1.22464679915e-16
0.0
2.46519032882e-32
-2.22044604925e-16
1.0
-1.22464679915e-16
1.0
2.22044604925e-16
-3.68896871805e-06
-0.137398268459
0.039127785567
0.0
2.22044604925e-16
1.0
-1.0
-2.22044604925e-16
0.0
2.22044604925e-16
-1.0
2.22044604925e-16
-0.137403686894
1.72946602106e-06
0.039127785567
-1.0
-1.22464679915e-16
0.0
2.46519032882e-32
-2.22044604925e-16
-1.0
1.22464679915e-16
-1.0
2.22044604925e-16
-3.68896871805e-06
0.137401727391
0.039127785567
0.0
-1.11022302463e-16
1.0
1.0
-6.66133814775e-16
-1.11022302463e-16
5.55111512313e-16
1.0
0.0
-0.137403686894
1.72946602107e-06
0.039127785567
-2.22044604925e-16
1.0
0.0
-2.22044604925e-16
0.0
-1.0
-1.0
-2.22044604925e-16
2.22044604925e-16
-3.68896871805e-06
0.150401727391
0.039127785567
2.22044604925e-16
0.0
1.0
0.0
1.0
0.0
-1.0
0.0
2.22044604925e-16
-0.150403686894
1.72946602106e-06
0.039127785567
-2.22044604925e-16
-2.46519032882e-32
-1.0
1.22464679915e-16
-1.0
0.0
-1.0
-1.22464679915e-16
2.22044604925e-16
0.150396308956
1.72946602106e-06
0.039127785567
-6.66133814775e-16
-1.0
1.11022302463e-16
1.11022302463e-16
0.0
1.0
-1.0
5.55111512313e-16
0.0
-3.68896871806e-06
-0.150398268459
0.039127785567
1.0
0.0
0.0
0.0
2.22044604925e-16
-1.0
0.0
1.0
2.22044604925e-16
-3.68896871805e-06
0.150401727391
0.039127785567
0.0
2.22044604925e-16
1.0
-1.0
-2.22044604925e-16
0.0
2.22044604925e-16
-1.0
2.22044604925e-16
-0.150403686894
1.72946602106e-06
0.039127785567
0.0
2.22044604925e-16
-1.0
-1.0
-2.22044604925e-16
0.0
-2.22044604925e-16
1.0
2.22044604925e-16
0.150396308956
1.72946602106e-06
0.039127785567
-1.0
-1.22464679915e-16
0.0
2.46519032882e-32
-2.22044604925e-16
1.0
-1.22464679915e-16
1.0
2.22044604925e-16
-3.68896871805e-06
-0.150398268459
0.039127785567
-6.66133814775e-16
-1.0
-1.11022302463e-16
1.11022302463e-16
0.0
-1.0
1.0
-5.55111512313e-16
0.0
-3.68896871804e-06
0.150401727391
0.039127785567
-2.22044604925e-16
1.0
0.0
-2.22044604925e-16
0.0
1.0
1.0
2.22044604925e-16
2.22044604925e-16
-3.68896871805e-06
-0.150398268459
0.039127785567
2.22044604925e-16
-0.0
-1.0
0.0
1.0
-0.0
1.0
0.0
2.22044604925e-16
0.150396308956
1.72946602106e-06
0.039127785567
-2.22044604925e-16
-2.46519032882e-32
1.0
1.22464679915e-16
-1.0
0.0
1.0
1.22464679915e-16
2.22044604925e-16
-0.150403686894
1.72946602106e-06
0.039127785567
-1.0
-5.61876128582e-17
6.62770670565e-17
6.62770670565e-17
-2.22044604925e-16
1.0
-5.61876128582e-17
1.0
2.22044604925e-16
-3.68896871806e-06
-0.150398268459
0.0511456153494
1.0
6.62770670565e-17
6.62770670565e-17
6.62770670565e-17
2.22044604925e-16
-1.0
-6.62770670565e-17
1.0
2.22044604925e-16
-3.68896871806e-06
0.150401727391
0.0271099557845
1.0
-6.62770670565e-17
6.62770670565e-17
-6.62770670565e-17
2.22044604925e-16
1.0
-6.62770670565e-17
-1.0
2.22044604925e-16
-3.68896871806e-06
-0.150398268459
0.0511456153494
-1.0
-5.61876128582e-17
6.62770670565e-17
6.62770670565e-17
-2.22044604925e-16
1.0
-5.61876128582e-17
1.0
2.22044604925e-16
-3.68896871806e-06
-0.150398268459
0.0271099557845
-1.0
-1.88741746971e-16
6.62770670565e-17
-6.62770670565e-17
-2.22044604925e-16
-1.0
1.88741746971e-16
-1.0
2.22044604925e-16
-3.68896871806e-06
0.150401727391
0.0511456153494
-4.4408920985e-16
-1.0
1.23259516441e-32
-1.0
4.4408920985e-16
-1.22464679915e-16
1.22464679915e-16
-7.39557098645e-32
-1.0
-3.68896871805e-06
1.72946602108e-06
0.186837017899
-1.0
-1.88741746971e-16
6.62770670565e-17
-6.62770670565e-17
-2.22044604925e-16
-1.0
1.88741746971e-16
-1.0
2.22044604925e-16
-3.68896871806e-06
0.150401727391
0.0271099557845
-2.22044604925e-16
1.0
0.0
-2.22044604925e-16
0.0
1.0
1.0
2.22044604925e-16
2.22044604925e-16
-3.68896871805e-06
-0.137398268459
0.039127785567
-6.66133814775e-16
-1.0
-1.11022302463e-16
1.11022302463e-16
0.0
-1.0
1.0
-5.55111512313e-16
0.0
-3.68896871804e-06
0.137401727391
0.039127785567
2.22044604925e-16
-0.0
-1.0
0.0
1.0
-0.0
1.0
0.0
2.22044604925e-16
0.137396308956
1.72946602106e-06
0.039127785567
-2.22044604925e-16
-2.46519032882e-32
1.0
1.22464679915e-16
-1.0
0.0
1.0
1.22464679915e-16
2.22044604925e-16
-0.137403686894
1.72946602106e-06
0.039127785567
-2.22044604925e-16
1.0
0.0
-2.22044604925e-16
0.0
-1.0
-1.0
-2.22044604925e-16
2.22044604925e-16
-3.68896871805e-06
0.137401727391
0.039127785567
-6.66133814775e-16
-1.0
1.11022302463e-16
1.11022302463e-16
0.0
1.0
-1.0
5.55111512313e-16
0.0
-3.68896871806e-06
-0.137398268459
0.039127785567
2.22044604925e-16
0.0
1.0
0.0
1.0
0.0
-1.0
0.0
2.22044604925e-16
-0.137403686894
1.72946602106e-06
0.039127785567
-2.22044604925e-16
-2.46519032882e-32
-1.0
1.22464679915e-16
-1.0
0.0
-1.0
-1.22464679915e-16
2.22044604925e-16
0.137396308956
1.72946602106e-06
0.039127785567
-2.22044604925e-16
1.0
0.0
1.0
2.22044604925e-16
-1.22464679915e-16
-1.22464679915e-16
-2.46519032882e-32
-1.0
-3.68896871805e-06
1.72946602108e-06
0.186837017899
-2.22044604925e-16
1.0
0.0
-1.0
-2.22044604925e-16
0.0
0.0
0.0
1.0
0.0138990351687
1.72946602106e-06
-0.0975950544159
-4.4408920985e-16
-1.0
0.0
1.0
-4.4408920985e-16
0.0
0.0
0.0
1.0
0.0138990351687
1.72946602106e-06
-0.0975950544159
-4.4408920985e-16
-1.0
1.23259516441e-32
-1.0
4.4408920985e-16
-1.22464679915e-16
1.22464679915e-16
-7.39557098645e-32
-1.0
0.0138990351687
1.72946602108e-06
0.17585062555
-2.22044604925e-16
1.0
0.0
-1.0
-2.22044604925e-16
0.0
0.0
0.0
1.0
-0.0139064131061
1.72946602106e-06
-0.0975950544159
-2.22044604925e-16
1.0
0.0
1.0
2.22044604925e-16
-1.22464679915e-16
-1.22464679915e-16
-2.46519032882e-32
-1.0
-0.0139064131061
1.72946602108e-06
0.17585062555
-4.4408920985e-16
-1.0
0.0
1.0
-4.4408920985e-16
0.0
0.0
0.0
1.0
-0.0139064131061
1.72946602106e-06
-0.0975950544159
1.0
6.62770670565e-17
6.62770670565e-17
6.62770670565e-17
2.22044604925e-16
-1.0
-6.62770670565e-17
1.0
2.22044604925e-16
-3.68896871806e-06
0.150401727391
0.0511456153494
-4.4408920985e-16
-1.0
1.23259516441e-32
-1.0
4.4408920985e-16
-1.22464679915e-16
1.22464679915e-16
-7.39557098645e-32
-1.0
0.0138990351687
1.72946602108e-06
0.186837017899
-4.4408920985e-16
-1.0
0.0
1.0
-4.4408920985e-16
0.0
0.0
0.0
1.0
0.0138990351687
1.72946602106e-06
-0.108581446765
-2.22044604925e-16
1.0
0.0
1.0
2.22044604925e-16
-1.22464679915e-16
-1.22464679915e-16
-2.46519032882e-32
-1.0
0.0138990351687
1.72946602108e-06
0.186837017899
-4.4408920985e-16
-1.0
0.0
1.0
-4.4408920985e-16
0.0
0.0
0.0
1.0
-0.0139064131061
1.72946602106e-06
-0.108581446765
-2.22044604925e-16
1.0
0.0
1.0
2.22044604925e-16
-1.22464679915e-16
-1.22464679915e-16
-2.46519032882e-32
-1.0
-0.0139064131061
1.72946602108e-06
0.186837017899
-2.22044604925e-16
1.0
0.0
-1.0
-2.22044604925e-16
0.0
0.0
0.0
1.0
-0.0139064131061
1.72946602106e-06
-0.108581446765
-4.4408920985e-16
-1.0
1.23259516441e-32
-1.0
4.4408920985e-16
-1.22464679915e-16
1.22464679915e-16
-7.39557098645e-32
-1.0
-0.0139064131061
1.72946602108e-06
0.186837017899
-2.22044604925e-16
1.0
0.0
-1.0
-2.22044604925e-16
0.0
0.0
0.0
1.0
0.0138990351687
1.72946602106e-06
-0.108581446765
1.0
-6.62770670565e-17
6.62770670565e-17
-6.62770670565e-17
2.22044604925e-16
1.0
-6.62770670565e-17
-1.0
2.22044604925e-16
-3.68896871806e-06
-0.150398268459
0.0271099557845
1.0
-0.0
0.0
0.0
2.22044604925e-16
1.0
-0.0
-1.0
2.22044604925e-16
-3.68896871805e-06
-0.150398268459
0.039127785567
-4.4408920985e-16
-1.0
1.23259516441e-32
-1.0
4.4408920985e-16
-1.22464679915e-16
1.22464679915e-16
-7.39557098645e-32
-1.0
-0.0139064131061
1.72946602108e-06
0.17585062555
-2.22044604925e-16
1.0
0.0
1.0
2.22044604925e-16
-1.22464679915e-16
-1.22464679915e-16
-2.46519032882e-32
-1.0
0.0138990351687
1.72946602108e-06
0.17585062555
1.0
0.0
0.0
0.0
-1.0
-1.22464679915e-16
0.0
1.22464679915e-16
-1.0
-3.68896871805e-06
1.72946602108e-06
0.186837017899
-4.4408920985e-16
-1.0
1.23259516441e-32
-1.0
4.4408920985e-16
-1.22464679915e-16
1.22464679915e-16
-7.39557098645e-32
-1.0
-3.68896871805e-06
1.72946602108e-06
0.17585062555
1.0
0.0
0.0
0.0
-1.0
-1.22464679915e-16
0.0
1.22464679915e-16
-1.0
-3.68896871805e-06
1.72946602108e-06
0.17585062555
-2.22044604925e-16
1.0
0.0
1.0
2.22044604925e-16
-1.22464679915e-16
-1.22464679915e-16
-2.46519032882e-32
-1.0
-3.68896871805e-06
1.72946602108e-06
0.17585062555
1.0
0.0
0.0
0.0
1.0
0.0
0.0
0.0
1.0
-3.68896871805e-06
1.72946602106e-06
-0.108581446765
-2.22044604925e-16
1.0
0.0
-1.0
-2.22044604925e-16
0.0
0.0
0.0
1.0
-3.68896871805e-06
1.72946602106e-06
-0.108581446765
-1.0
-1.22464679915e-16
0.0
1.22464679915e-16
-1.0
0.0
0.0
0.0
1.0
-3.68896871805e-06
1.72946602106e-06
-0.108581446765
-1.0
-1.22464679915e-16
0.0
-1.22464679915e-16
1.0
-1.22464679915e-16
1.49975978266e-32
-1.22464679915e-16
-1.0
-3.68896871805e-06
1.72946602108e-06
0.186837017899
-4.4408920985e-16
-1.0
0.0
1.0
-4.4408920985e-16
0.0
0.0
0.0
1.0
-3.68896871805e-06
1.72946602106e-06
-0.108581446765
-1.0
-5.61876128582e-17
6.62770670565e-17
6.62770670565e-17
-2.22044604925e-16
1.0
-5.61876128582e-17
1.0
2.22044604925e-16
-3.68896871806e-06
-0.137398268459
0.0271099557845
-1.0
-1.88741746971e-16
6.62770670565e-17
-6.62770670565e-17
-2.22044604925e-16
-1.0
1.88741746971e-16
-1.0
2.22044604925e-16
-3.68896871806e-06
0.137401727391
0.0271099557845
1.0
6.62770670565e-17
6.62770670565e-17
6.62770670565e-17
2.22044604925e-16
-1.0
-6.62770670565e-17
1.0
2.22044604925e-16
-3.68896871806e-06
0.137401727391
0.0271099557845
1.0
-6.62770670565e-17
6.62770670565e-17
-6.62770670565e-17
2.22044604925e-16
1.0
-6.62770670565e-17
-1.0
2.22044604925e-16
-3.68896871806e-06
-0.137398268459
0.0271099557845
-1.0
-1.88741746971e-16
6.62770670565e-17
-6.62770670565e-17
-2.22044604925e-16
-1.0
1.88741746971e-16
-1.0
2.22044604925e-16
-3.68896871806e-06
0.137401727391
0.0511456153494
1.0
-6.62770670565e-17
6.62770670565e-17
-6.62770670565e-17
2.22044604925e-16
1.0
-6.62770670565e-17
-1.0
2.22044604925e-16
-3.68896871806e-06
-0.137398268459
0.0511456153494
1.0
6.62770670565e-17
6.62770670565e-17
6.62770670565e-17
2.22044604925e-16
-1.0
-6.62770670565e-17
1.0
2.22044604925e-16
-3.68896871806e-06
0.137401727391
0.0511456153494
-1.0
-5.61876128582e-17
6.62770670565e-17
6.62770670565e-17
-2.22044604925e-16
1.0
-5.61876128582e-17
1.0
2.22044604925e-16
-3.68896871806e-06
-0.137398268459
0.0511456153494
-1.0
-1.22464679915e-16
0.0
-1.22464679915e-16
1.0
-1.22464679915e-16
1.49975978266e-32
-1.22464679915e-16
-1.0
-3.68896871805e-06
1.72946602108e-06
0.199837017899
1.0
0.0
0.0
0.0
1.0
0.0
0.0
0.0
1.0
-3.68896871805e-06
1.72946602106e-06
-0.121581446765
-1.0
-1.22464679915e-16
0.0
1.22464679915e-16
-1.0
0.0
0.0
0.0
1.0
-3.68896871805e-06
1.72946602106e-06
-0.121581446765
-2.22044604925e-16
1.0
0.0
-1.0
-2.22044604925e-16
0.0
0.0
0.0
1.0
-3.68896871805e-06
1.72946602106e-06
-0.121581446765
1.0
0.0
0.0
0.0
-1.0
-1.22464679915e-16
0.0
1.22464679915e-16
-1.0
-3.68896871805e-06
1.72946602108e-06
0.199837017899
-4.4408920985e-16
-1.0
0.0
1.0
-4.4408920985e-16
0.0
0.0
0.0
1.0
-3.68896871805e-06
1.72946602106e-06
-0.121581446765
-2.22044604925e-16
1.0
0.0
-2.22044604925e-16
0.0
1.0
1.0
2.22044604925e-16
2.22044604925e-16
-3.68896871805e-06
-0.12641187611
0.039127785567
-6.66133814775e-16
-1.0
-1.11022302463e-16
1.11022302463e-16
0.0
-1.0
1.0
-5.55111512313e-16
0.0
-3.68896871804e-06
0.126415335042
0.039127785567
-6.66133814775e-16
-1.0
1.11022302463e-16
1.11022302463e-16
0.0
1.0
-1.0
5.55111512313e-16
0.0
-3.68896871806e-06
-0.12641187611
0.039127785567
2.22044604925e-16
-0.0
-1.0
0.0
1.0
-0.0
1.0
0.0
2.22044604925e-16
0.126409916607
1.72946602106e-06
0.039127785567
-2.22044604925e-16
-2.46519032882e-32
1.0
1.22464679915e-16
-1.0
0.0
1.0
1.22464679915e-16
2.22044604925e-16
-0.126417294545
1.72946602106e-06
0.039127785567
-2.22044604925e-16
1.0
0.0
1.0
2.22044604925e-16
-1.22464679915e-16
-1.22464679915e-16
-2.46519032882e-32
-1.0
-3.68896871805e-06
1.72946602108e-06
0.199837017899
-2.22044604925e-16
1.0
0.0
-2.22044604925e-16
0.0
-1.0
-1.0
-2.22044604925e-16
2.22044604925e-16
-3.68896871805e-06
0.126415335042
0.039127785567
2.22044604925e-16
0.0
1.0
0.0
1.0
0.0
-1.0
0.0
2.22044604925e-16
-0.126417294545
1.72946602106e-06
0.039127785567
-2.22044604925e-16
-2.46519032882e-32
-1.0
1.22464679915e-16
-1.0
0.0
-1.0
-1.22464679915e-16
2.22044604925e-16
0.126409916607
1.72946602106e-06
0.039127785567
-4.4408920985e-16
-1.0
1.23259516441e-32
-1.0
4.4408920985e-16
-1.22464679915e-16
1.22464679915e-16
-7.39557098645e-32
-1.0
-3.68896871805e-06
1.72946602108e-06
0.199837017899
-4.4408920985e-16
-1.0
0.0
1.0
-4.4408920985e-16
0.0
0.0
0.0
1.0
-0.0139064131061
1.72946602106e-06
-0.121581446765
-4.4408920985e-16
-1.0
1.23259516441e-32
-1.0
4.4408920985e-16
-1.22464679915e-16
1.22464679915e-16
-7.39557098645e-32
-1.0
0.0138990351687
1.72946602108e-06
0.199837017899
-4.4408920985e-16
-1.0
0.0
1.0
-4.4408920985e-16
0.0
0.0
0.0
1.0
0.0138990351687
1.72946602106e-06
-0.121581446765
-2.22044604925e-16
1.0
0.0
1.0
2.22044604925e-16
-1.22464679915e-16
-1.22464679915e-16
-2.46519032882e-32
-1.0
0.0138990351687
1.72946602108e-06
0.199837017899
-2.22044604925e-16
1.0
0.0
-1.0
-2.22044604925e-16
0.0
0.0
0.0
1.0
-0.0139064131061
1.72946602106e-06
-0.121581446765
-2.22044604925e-16
1.0
0.0
1.0
2.22044604925e-16
-1.22464679915e-16
-1.22464679915e-16
-2.46519032882e-32
-1.0
-0.0139064131061
1.72946602108e-06
0.199837017899
-2.22044604925e-16
1.0
0.0
-1.0
-2.22044604925e-16
0.0
0.0
0.0
1.0
0.0138990351687
1.72946602106e-06
-0.121581446765
-4.4408920985e-16
-1.0
1.23259516441e-32
-1.0
4.4408920985e-16
-1.22464679915e-16
1.22464679915e-16
-7.39557098645e-32
-1.0
-0.0139064131061
1.72946602108e-06
0.199837017899
