-1.0
-1.22464679915e-16
0.0
-1.22464679915e-16
1.0
-1.22464679915e-16
1.49975978266e-32
-1.22464679915e-16
-1.0
0.00506691541523
-0.00660926569253
0.160417284285
-1.0
-1.22464679915e-16
0.0
-1.22464679915e-16
1.0
-1.22464679915e-16
1.49975978266e-32
-1.22464679915e-16
-1.0
0.00506691541523
-0.00660926569253
0.160417284285
1.0
0.0
0.0
0.0
2.22044604925e-16
-1.0
0.0
1.0
2.22044604925e-16
0.00506691541523
0.130790732232
0.0337547897361
-1.0
-1.22464679915e-16
0.0
2.46519032882e-32
-2.22044604925e-16
1.0
-1.22464679915e-16
1.0
2.22044604925e-16
0.00506691541523
-0.144009263617
0.0337547897361
0.0
2.22044604925e-16
-1.0
-1.0
-2.22044604925e-16
0.0
-2.22044604925e-16
1.0
2.22044604925e-16
0.14246691334
-0.00660926569253
0.0337547897361
1.0
5.10646353994e-17
5.10646353994e-17
5.10646353994e-17
2.22044604925e-16
-1.0
-5.10646353994e-17
1.0
2.22044604925e-16
0.00506691541523
0.130790732232
0.0337547897361
-1.0
-7.14000445153e-17
5.10646353994e-17
5.10646353994e-17
-2.22044604925e-16
1.0
-7.14000445153e-17
1.0
2.22044604925e-16
0.00506691541523
-0.144009263617
0.0337547897361
-1.0
-1.73529315314e-16
5.10646353994e-17
-5.10646353994e-17
-2.22044604925e-16
-1.0
1.73529315314e-16
-1.0
2.22044604925e-16
0.00506691541523
0.130790732232
0.0337547897361
-1.0
-1.22464679915e-16
0.0
2.46519032882e-32
-2.22044604925e-16
-1.0
1.22464679915e-16
-1.0
2.22044604925e-16
0.00506691541523
0.130790732232
0.0337547897361
0.0
-1.11022302463e-16
-1.0
1.0
-6.66133814775e-16
1.11022302463e-16
-5.55111512313e-16
-1.0
0.0
0.14246691334
-0.00660926569253
0.0337547897361
0.0
-1.11022302463e-16
1.0
1.0
-6.66133814775e-16
-1.11022302463e-16
5.55111512313e-16
1.0
0.0
-0.13233308251
-0.00660926569253
0.0337547897361
1.0
-0.0
0.0
0.0
2.22044604925e-16
1.0
-0.0
-1.0
2.22044604925e-16
0.00506691541523
-0.144009263617
0.0337547897361
0.0
2.22044604925e-16
1.0
-1.0
-2.22044604925e-16
0.0
2.22044604925e-16
-1.0
2.22044604925e-16
-0.13233308251
-0.00660926569253
0.0337547897361
1.0
-5.10646353994e-17
5.10646353994e-17
-5.10646353994e-17
2.22044604925e-16
1.0
-5.10646353994e-17
-1.0
2.22044604925e-16
0.00506691541523
-0.144009263617
0.0337547897361
-2.22044604925e-16
1.0
0.0
-2.22044604925e-16
0.0
-1.0
-1.0
-2.22044604925e-16
2.22044604925e-16
0.00506691541523
0.130790732232
0.0337547897361
-6.66133814775e-16
-1.0
-1.11022302463e-16
1.11022302463e-16
0.0
-1.0
1.0
-5.55111512313e-16
0.0
0.00506691541523
0.130790732232
0.0337547897361
2.22044604925e-16
0.0
1.0
0.0
1.0
0.0
-1.0
0.0
2.22044604925e-16
-0.13233308251
-0.00660926569253
0.0337547897361
-2.22044604925e-16
1.0
0.0
-2.22044604925e-16
0.0
1.0
1.0
2.22044604925e-16
2.22044604925e-16
0.00506691541523
-0.144009263617
0.0337547897361
-2.22044604925e-16
-2.46519032882e-32
1.0
1.22464679915e-16
-1.0
0.0
1.0
1.22464679915e-16
2.22044604925e-16
-0.13233308251
-0.00660926569253
0.0337547897361
2.22044604925e-16
-0.0
-1.0
0.0
1.0
-0.0
1.0
0.0
2.22044604925e-16
0.14246691334
-0.00660926569253
0.0337547897361
-2.22044604925e-16
1.0
0.0
-2.22044604925e-16
0.0
-1.0
-1.0
-2.22044604925e-16
2.22044604925e-16
0.00506691541523
0.130790732232
0.0337547897361
-6.66133814775e-16
-1.0
-1.11022302463e-16
1.11022302463e-16
0.0
-1.0
1.0
-5.55111512313e-16
0.0
0.00506691541523
0.130790732232
0.0337547897361
-2.22044604925e-16
1.0
0.0
-2.22044604925e-16
0.0
1.0
1.0
2.22044604925e-16
2.22044604925e-16
0.00506691541523
-0.144009263617
0.0337547897361
-2.22044604925e-16
-2.46519032882e-32
-1.0
1.22464679915e-16
-1.0
0.0
-1.0
-1.22464679915e-16
2.22044604925e-16
0.14246691334
-0.00660926569253
0.0337547897361
-6.66133814775e-16
-1.0
1.11022302463e-16
1.11022302463e-16
0.0
1.0
-1.0
5.55111512313e-16
0.0
0.00506691541523
-0.144009263617
0.0337547897361
-6.66133814775e-16
-1.0
1.11022302463e-16
1.11022302463e-16
0.0
1.0
-1.0
5.55111512313e-16
0.0
0.00506691541523
-0.144009263617
0.0337547897361
1.0
0.0
0.0
0.0
-1.0
-1.22464679915e-16
0.0
1.22464679915e-16
-1.0
0.00506691541523
-0.00660926569253
0.170700380941
-2.22044604925e-16
1.0
0.0
-1.0
-2.22044604925e-16
0.0
0.0
0.0
1.0
0.00506691541523
-0.00660926569253
-0.103190801469
1.0
0.0
0.0
0.0
1.0
0.0
0.0
0.0
1.0
0.00506691541523
-0.00660926569253
-0.103190801469
-4.4408920985e-16
-1.0
1.23259516441e-32
-1.0
4.4408920985e-16
-1.22464679915e-16
1.22464679915e-16
-7.39557098645e-32
-1.0
0.00506691541523
-0.00660926569253
0.170700380941
-4.4408920985e-16
-1.0
0.0
1.0
-4.4408920985e-16
0.0
0.0
0.0
1.0
0.00506691541523
-0.00660926569253
-0.103190801469
-1.0
-1.22464679915e-16
0.0
-1.22464679915e-16
1.0
-1.22464679915e-16
1.49975978266e-32
-1.22464679915e-16
-1.0
0.00506691541523
-0.00660926569253
0.170700380941
-1.0
-1.22464679915e-16
0.0
1.22464679915e-16
-1.0
0.0
0.0
0.0
1.0
0.00506691541523
-0.00660926569253
-0.103190801469
-2.22044604925e-16
1.0
0.0
1.0
2.22044604925e-16
-1.22464679915e-16
-1.22464679915e-16
-2.46519032882e-32
-1.0
0.00506691541523
-0.00660926569253
0.170700380941
-2.22044604925e-16
1.0
0.0
-1.0
-2.22044604925e-16
0.0
0.0
0.0
1.0
0.00506691541523
-0.00660926569253
-0.103190801469
1.0
0.0
0.0
0.0
1.0
0.0
0.0
0.0
1.0
0.00506691541523
-0.00660926569253
-0.103190801469
1.0
0.0
0.0
0.0
-1.0
-1.22464679915e-16
0.0
1.22464679915e-16
-1.0
0.00506691541523
-0.00660926569253
0.170700380941
-4.4408920985e-16
-1.0
1.23259516441e-32
-1.0
4.4408920985e-16
-1.22464679915e-16
1.22464679915e-16
-7.39557098645e-32
-1.0
0.00506691541523
-0.00660926569253
0.170700380941
-4.4408920985e-16
-1.0
0.0
1.0
-4.4408920985e-16
0.0
0.0
0.0
1.0
0.00506691541523
-0.00660926569253
-0.103190801469
-2.22044604925e-16
1.0
0.0
1.0
2.22044604925e-16
-1.22464679915e-16
-1.22464679915e-16
-2.46519032882e-32
-1.0
0.00506691541523
-0.00660926569253
0.170700380941
-1.0
-1.22464679915e-16
0.0
-1.22464679915e-16
1.0
-1.22464679915e-16
1.49975978266e-32
-1.22464679915e-16
-1.0
0.00506691541523
-0.00660926569253
0.170700380941
-1.0
-1.22464679915e-16
0.0
1.22464679915e-16
-1.0
0.0
0.0
0.0
1.0
0.00506691541523
-0.00660926569253
-0.103190801469
1.0
0.0
0.0
0.0
1.0
0.0
0.0
0.0
1.0
0.00506691541523
-0.00660926569253
-0.0929077048128
-4.4408920985e-16
-1.0
0.0
1.0
-4.4408920985e-16
0.0
0.0
0.0
1.0
0.00506691541523
-0.00660926569253
-0.0929077048128
-2.22044604925e-16
1.0
0.0
-1.0
-2.22044604925e-16
0.0
0.0
0.0
1.0
0.00506691541523
-0.00660926569253
-0.0929077048128
-4.4408920985e-16
-1.0
1.23259516441e-32
-1.0
4.4408920985e-16
-1.22464679915e-16
1.22464679915e-16
-7.39557098645e-32
-1.0
0.00506691541523
-0.00660926569253
0.160417284285
1.0
0.0
0.0
0.0
-1.0
-1.22464679915e-16
0.0
1.22464679915e-16
-1.0
0.00506691541523
-0.00660926569253
0.160417284285
-1.0
-1.22464679915e-16
0.0
1.22464679915e-16
-1.0
0.0
0.0
0.0
1.0
0.00506691541523
-0.00660926569253
-0.0929077048128
-2.22044604925e-16
1.0
0.0
1.0
2.22044604925e-16
-1.22464679915e-16
-1.22464679915e-16
-2.46519032882e-32
-1.0
0.00506691541523
-0.00660926569253
0.160417284285
-2.22044604925e-16
1.0
0.0
-1.0
-2.22044604925e-16
0.0
0.0
0.0
1.0
0.00506691541523
-0.00660926569253
-0.0929077048128
-4.4408920985e-16
-1.0
1.23259516441e-32
-1.0
4.4408920985e-16
-1.22464679915e-16
1.22464679915e-16
-7.39557098645e-32
-1.0
0.00506691541523
-0.00660926569253
0.160417284285
1.0
0.0
0.0
0.0
-1.0
-1.22464679915e-16
0.0
1.22464679915e-16
-1.0
0.00506691541523
-0.00660926569253
0.160417284285
1.0
0.0
0.0
0.0
1.0
0.0
0.0
0.0
1.0
0.00506691541523
-0.00660926569253
-0.0929077048128
-4.4408920985e-16
-1.0
0.0
1.0
-4.4408920985e-16
0.0
0.0
0.0
1.0
0.00506691541523
-0.00660926569253
-0.0929077048128
-1.0
-1.22464679915e-16
0.0
1.22464679915e-16
-1.0
0.0
0.0
0.0
1.0
0.00506691541523
-0.00660926569253
-0.0929077048128
-2.22044604925e-16
1.0
0.0
1.0
2.22044604925e-16
-1.22464679915e-16
-1.22464679915e-16
-2.46519032882e-32
-1.0
0.00506691541523
-0.00660926569253
0.160417284285
-6.66133814775e-16
-1.0
-1.11022302463e-16
1.11022302463e-16
0.0
-1.0
1.0
-5.55111512313e-16
0.0
0.00506691541523
0.120507635576
0.0337547897361
-6.66133814775e-16
-1.0
1.11022302463e-16
1.11022302463e-16
0.0
1.0
-1.0
5.55111512313e-16
0.0
0.00506691541523
-0.133726166961
0.0337547897361
-2.22044604925e-16
1.0
0.0
-2.22044604925e-16
0.0
1.0
1.0
2.22044604925e-16
2.22044604925e-16
0.00506691541523
-0.133726166961
0.0337547897361
2.22044604925e-16
-0.0
-1.0
0.0
1.0
-0.0
1.0
0.0
2.22044604925e-16
0.132183816684
-0.00660926569253
0.0337547897361
-2.22044604925e-16
-2.46519032882e-32
1.0
1.22464679915e-16
-1.0
0.0
1.0
1.22464679915e-16
2.22044604925e-16
-0.122049985853
-0.00660926569253
0.0337547897361
-2.22044604925e-16
1.0
0.0
-2.22044604925e-16
0.0
-1.0
-1.0
-2.22044604925e-16
2.22044604925e-16
0.00506691541523
0.120507635576
0.0337547897361
-6.66133814775e-16
-1.0
-1.11022302463e-16
1.11022302463e-16
0.0
-1.0
1.0
-5.55111512313e-16
0.0
0.00506691541523
0.120507635576
0.0337547897361
-6.66133814775e-16
-1.0
1.11022302463e-16
1.11022302463e-16
0.0
1.0
-1.0
5.55111512313e-16
0.0
0.00506691541523
-0.133726166961
0.0337547897361
-2.22044604925e-16
1.0
0.0
-2.22044604925e-16
0.0
1.0
1.0
2.22044604925e-16
2.22044604925e-16
0.00506691541523
-0.133726166961
0.0337547897361
-2.22044604925e-16
1.0
0.0
-2.22044604925e-16
0.0
-1.0
-1.0
-2.22044604925e-16
2.22044604925e-16
0.00506691541523
0.120507635576
0.0337547897361
2.22044604925e-16
0.0
1.0
0.0
1.0
0.0
-1.0
0.0
2.22044604925e-16
-0.122049985853
-0.00660926569253
0.0337547897361
-2.22044604925e-16
-2.46519032882e-32
-1.0
1.22464679915e-16
-1.0
0.0
-1.0
-1.22464679915e-16
2.22044604925e-16
0.132183816684
-0.00660926569253
0.0337547897361
