-2.22044604925e-16
-2.46519032882e-32
1.0
1.22464679915e-16
-1.0
0.0
1.0
1.22464679915e-16
2.22044604925e-16
-0.146437519747
-7.31793697923e-05
-0.000245099887252
-6.66133814775e-16
-1.0
1.11022302463e-16
1.11022302463e-16
0.0
1.0
-1.0
5.55111512313e-16
0.0
-3.75218223781e-05
-0.146473177295
-0.000245099887252
2.22044604925e-16
-0.0
-1.0
0.0
1.0
-0.0
1.0
0.0
2.22044604925e-16
0.146362476102
-7.31793697923e-05
-0.000245099887252
-2.22044604925e-16
-2.46519032882e-32
-1.0
1.22464679915e-16
-1.0
0.0
-1.0
-1.22464679915e-16
2.22044604925e-16
0.146362476102
-7.31793697923e-05
-0.000245099887252
2.22044604925e-16
0.0
1.0
0.0
1.0
0.0
-1.0
0.0
2.22044604925e-16
-0.146437519747
-7.31793697923e-05
-0.000245099887252
-6.66133814775e-16
-1.0
1.11022302463e-16
1.11022302463e-16
0.0
1.0
-1.0
5.55111512313e-16
0.0
-3.7521822378e-05
-0.146473177295
-0.000245099887252
-4.4408920985e-16
-1.0
0.0
0.0
0.0
-1.0
1.0
-4.4408920985e-16
0.0
-3.7521822378e-05
0.146326818555
-0.000245099887252
-2.22044604925e-16
1.0
0.0
-2.22044604925e-16
0.0
-1.0
-1.0
-2.22044604925e-16
2.22044604925e-16
-3.7521822378e-05
0.146326818555
-0.000245099887252
-4.4408920985e-16
1.0
1.11022302463e-16
-3.33066907388e-16
0.0
-1.0
-1.0
-3.33066907388e-16
2.22044604925e-16
-3.7521822378e-05
0.146326818555
-0.000245099887252
-2.22044604925e-16
1.0
0.0
-2.22044604925e-16
0.0
1.0
1.0
2.22044604925e-16
2.22044604925e-16
-3.7521822378e-05
-0.146473177295
-0.000245099887252
1.0
-0.0
0.0
0.0
2.22044604925e-16
1.0
-0.0
-1.0
2.22044604925e-16
-3.7521822378e-05
-0.146473177295
-0.000245099887252
0.0
-1.11022302463e-16
-1.0
1.0
-6.66133814775e-16
1.11022302463e-16
-5.55111512313e-16
-1.0
0.0
0.146362476102
-7.31793697923e-05
-0.000245099887252
-1.0
-1.22464679915e-16
0.0
2.46519032882e-32
-2.22044604925e-16
-1.0
1.22464679915e-16
-1.0
2.22044604925e-16
-3.7521822378e-05
0.146326818555
-0.000245099887252
0.0
2.22044604925e-16
-1.0
-1.0
-2.22044604925e-16
0.0
-2.22044604925e-16
1.0
2.22044604925e-16
0.146362476102
-7.31793697923e-05
-0.000245099887252
-1.0
-1.22464679915e-16
0.0
2.46519032882e-32
-2.22044604925e-16
1.0
-1.22464679915e-16
1.0
2.22044604925e-16
-3.7521822378e-05
-0.146473177295
-0.000245099887252
0.0
2.22044604925e-16
1.0
-1.0
-2.22044604925e-16
0.0
2.22044604925e-16
-1.0
2.22044604925e-16
-0.146437519747
-7.31793697923e-05
-0.000245099887252
0.0
-1.11022302463e-16
1.0
1.0
-6.66133814775e-16
-1.11022302463e-16
5.55111512313e-16
1.0
0.0
-0.146437519747
-7.31793697923e-05
-0.000245099887252
1.0
6.1591133786e-17
6.1591133786e-17
6.1591133786e-17
2.22044604925e-16
-1.0
-6.1591133786e-17
1.0
2.22044604925e-16
-3.7521822378e-05
0.146326818555
-0.000245099887252
1.0
-6.1591133786e-17
6.1591133786e-17
-6.1591133786e-17
2.22044604925e-16
1.0
-6.1591133786e-17
-1.0
2.22044604925e-16
-3.7521822378e-05
-0.146473177295
-0.000245099887252
-1.0
-1.84055813701e-16
6.1591133786e-17
-6.1591133786e-17
-2.22044604925e-16
-1.0
1.84055813701e-16
-1.0
2.22044604925e-16
-3.7521822378e-05
0.146326818555
-0.000245099887252
-1.0
-6.08735461287e-17
6.1591133786e-17
6.1591133786e-17
-2.22044604925e-16
1.0
-6.08735461287e-17
1.0
2.22044604925e-16
-3.7521822378e-05
-0.146473177295
-0.000245099887252
-6.66133814775e-16
-1.0
-1.11022302463e-16
1.11022302463e-16
0.0
-1.0
1.0
-5.55111512313e-16
0.0
-3.7521822378e-05
0.146326818555
-0.000245099887252
-2.22044604925e-16
1.0
1.11022302463e-16
-3.33066907388e-16
-2.22044604925e-16
1.0
1.0
1.11022302463e-16
2.22044604925e-16
-3.7521822378e-05
-0.146473177295
-0.000245099887252
1.0
0.0
0.0
0.0
2.22044604925e-16
-1.0
0.0
1.0
2.22044604925e-16
-3.7521822378e-05
0.146326818555
-0.000245099887252
2.22044604925e-16
0.0
1.0
0.0
1.0
0.0
-1.0
0.0
2.22044604925e-16
-0.137437519747
-7.31793697923e-05
-0.000245099887252
-2.22044604925e-16
1.0
0.0
-2.22044604925e-16
0.0
-1.0
-1.0
-2.22044604925e-16
2.22044604925e-16
-3.7521822378e-05
0.137326818555
-0.000245099887252
-4.4408920985e-16
1.0
1.11022302463e-16
-3.33066907388e-16
0.0
-1.0
-1.0
-3.33066907388e-16
2.22044604925e-16
-3.7521822378e-05
0.137326818555
-0.000245099887252
-6.66133814775e-16
-1.0
1.11022302463e-16
1.11022302463e-16
0.0
1.0
-1.0
5.55111512313e-16
0.0
-3.75218223781e-05
-0.137473177295
-0.000245099887252
-6.66133814775e-16
-1.0
1.11022302463e-16
1.11022302463e-16
0.0
1.0
-1.0
5.55111512313e-16
0.0
-3.7521822378e-05
-0.137473177295
-0.000245099887252
-6.66133814775e-16
-1.0
-1.11022302463e-16
1.11022302463e-16
0.0
-1.0
1.0
-5.55111512313e-16
0.0
-3.7521822378e-05
0.137326818555
-0.000245099887252
-2.22044604925e-16
1.0
0.0
-2.22044604925e-16
0.0
1.0
1.0
2.22044604925e-16
2.22044604925e-16
-3.7521822378e-05
-0.137473177295
-0.000245099887252
-2.22044604925e-16
-2.46519032882e-32
1.0
1.22464679915e-16
-1.0
0.0
1.0
1.22464679915e-16
2.22044604925e-16
-0.137437519747
-7.31793697923e-05
-0.000245099887252
2.22044604925e-16
-0.0
-1.0
0.0
1.0
-0.0
1.0
0.0
2.22044604925e-16
0.137362476102
-7.31793697923e-05
-0.000245099887252
-2.22044604925e-16
1.0
1.11022302463e-16
-3.33066907388e-16
-2.22044604925e-16
1.0
1.0
1.11022302463e-16
2.22044604925e-16
-3.7521822378e-05
-0.137473177295
-0.000245099887252
-4.4408920985e-16
-1.0
0.0
0.0
0.0
-1.0
1.0
-4.4408920985e-16
0.0
-3.7521822378e-05
0.137326818555
-0.000245099887252
1.0
0.0
0.0
0.0
-1.0
-1.22464679915e-16
0.0
1.22464679915e-16
-1.0
-3.7521822378e-05
-7.31793697923e-05
0.146154898038
1.0
0.0
0.0
0.0
-1.0
-1.22464679915e-16
0.0
1.22464679915e-16
-1.0
-3.7521822378e-05
-7.31793697923e-05
0.146154898038
1.0
0.0
0.0
0.0
1.0
0.0
0.0
0.0
1.0
-3.7521822378e-05
-7.31793697923e-05
-0.146645097812
1.0
0.0
0.0
0.0
1.0
0.0
0.0
0.0
1.0
-3.7521822378e-05
-7.31793697923e-05
-0.146645097812
-2.22044604925e-16
1.0
0.0
-1.0
-2.22044604925e-16
0.0
0.0
0.0
1.0
-3.7521822378e-05
-7.31793697923e-05
-0.146645097812
-2.22044604925e-16
1.0
0.0
-1.0
-2.22044604925e-16
0.0
0.0
0.0
1.0
-3.7521822378e-05
-7.31793697923e-05
-0.146645097812
-4.4408920985e-16
-1.0
0.0
1.0
-4.4408920985e-16
0.0
0.0
0.0
1.0
-3.7521822378e-05
-7.31793697923e-05
-0.146645097812
-4.4408920985e-16
-1.0
0.0
1.0
-4.4408920985e-16
0.0
0.0
0.0
1.0
-3.7521822378e-05
-7.31793697923e-05
-0.146645097812
-2.22044604925e-16
1.0
0.0
1.0
2.22044604925e-16
-1.22464679915e-16
-1.22464679915e-16
-2.46519032882e-32
-1.0
-3.7521822378e-05
-7.31793697923e-05
0.146154898038
-4.4408920985e-16
-1.0
1.23259516441e-32
-1.0
4.4408920985e-16
-1.22464679915e-16
1.22464679915e-16
-7.39557098645e-32
-1.0
-3.7521822378e-05
-7.31793697923e-05
0.146154898038
-4.4408920985e-16
-1.0
1.23259516441e-32
-1.0
4.4408920985e-16
-1.22464679915e-16
1.22464679915e-16
-7.39557098645e-32
-1.0
-3.7521822378e-05
-7.31793697923e-05
0.146154898038
1.0
0.0
0.0
0.0
1.0
0.0
0.0
0.0
1.0
-3.7521822378e-05
-7.31793697923e-05
-0.137645097812
-4.4408920985e-16
-1.0
1.23259516441e-32
-1.0
4.4408920985e-16
-1.22464679915e-16
1.22464679915e-16
-7.39557098645e-32
-1.0
-3.7521822378e-05
-7.31793697923e-05
0.137154898038
-1.0
-1.22464679915e-16
0.0
-1.22464679915e-16
1.0
-1.22464679915e-16
1.49975978266e-32
-1.22464679915e-16
-1.0
-3.7521822378e-05
-7.31793697923e-05
0.137154898038
-2.22044604925e-16
1.0
0.0
1.0
2.22044604925e-16
-1.22464679915e-16
-1.22464679915e-16
-2.46519032882e-32
-1.0
-3.7521822378e-05
-7.31793697923e-05
0.137154898038
-4.4408920985e-16
-1.0
0.0
1.0
-4.4408920985e-16
0.0
0.0
0.0
1.0
-3.7521822378e-05
-7.31793697923e-05
-0.137645097812
-2.22044604925e-16
1.0
0.0
-1.0
-2.22044604925e-16
0.0
0.0
0.0
1.0
-3.7521822378e-05
-7.31793697923e-05
-0.137645097812
-1.0
-1.22464679915e-16
0.0
1.22464679915e-16
-1.0
0.0
0.0
0.0
1.0
-3.7521822378e-05
-7.31793697923e-05
-0.137645097812
1.0
0.0
0.0
0.0
-1.0
-1.22464679915e-16
0.0
1.22464679915e-16
-1.0
-3.7521822378e-05
-7.31793697923e-05
0.137154898038
-2.22044604925e-16
1.0
0.0
-1.0
-2.22044604925e-16
0.0
0.0
0.0
1.0
-3.7521822378e-05
-7.31793697923e-05
-0.137645097812
1.0
0.0
0.0
0.0
1.0
0.0
0.0
0.0
1.0
-3.7521822378e-05
-7.31793697923e-05
-0.137645097812
-4.4408920985e-16
-1.0
1.23259516441e-32
-1.0
4.4408920985e-16
-1.22464679915e-16
1.22464679915e-16
-7.39557098645e-32
-1.0
-3.7521822378e-05
-7.31793697923e-05
0.137154898038
-1.0
-1.22464679915e-16
0.0
-1.22464679915e-16
1.0
-1.22464679915e-16
1.49975978266e-32
-1.22464679915e-16
-1.0
-3.7521822378e-05
-7.31793697923e-05
0.137154898038
-2.22044604925e-16
1.0
0.0
1.0
2.22044604925e-16
-1.22464679915e-16
-1.22464679915e-16
-2.46519032882e-32
-1.0
-3.7521822378e-05
-7.31793697923e-05
0.137154898038
-4.4408920985e-16
-1.0
0.0
1.0
-4.4408920985e-16
0.0
0.0
0.0
1.0
-3.7521822378e-05
-7.31793697923e-05
-0.137645097812
-1.0
-1.22464679915e-16
0.0
1.22464679915e-16
-1.0
0.0
0.0
0.0
1.0
-3.7521822378e-05
-7.31793697923e-05
-0.137645097812
1.0
0.0
0.0
0.0
-1.0
-1.22464679915e-16
0.0
1.22464679915e-16
-1.0
-3.7521822378e-05
-7.31793697923e-05
0.137154898038
-2.22044604925e-16
1.0
0.0
-2.22044604925e-16
0.0
-1.0
-1.0
-2.22044604925e-16
2.22044604925e-16
-3.7521822378e-05
0.10446492087
-0.000245099887252
-2.22044604925e-16
-2.46519032882e-32
-1.0
1.22464679915e-16
-1.0
0.0
-1.0
-1.22464679915e-16
2.22044604925e-16
0.104500578418
-7.31793697923e-05
-0.000245099887252
2.22044604925e-16
0.0
1.0
0.0
1.0
0.0
-1.0
0.0
2.22044604925e-16
-0.104575622063
-7.31793697923e-05
-0.000245099887252
-4.4408920985e-16
-1.0
0.0
0.0
0.0
-1.0
1.0
-4.4408920985e-16
0.0
-3.7521822378e-05
0.10446492087
-0.000245099887252
-2.22044604925e-16
1.0
0.0
-2.22044604925e-16
0.0
1.0
1.0
2.22044604925e-16
2.22044604925e-16
-3.7521822378e-05
-0.10461127961
-0.000245099887252
-6.66133814775e-16
-1.0
1.11022302463e-16
1.11022302463e-16
0.0
1.0
-1.0
5.55111512313e-16
0.0
-3.7521822378e-05
-0.10461127961
-0.000245099887252
-6.66133814775e-16
-1.0
-1.11022302463e-16
1.11022302463e-16
0.0
-1.0
1.0
-5.55111512313e-16
0.0
-3.7521822378e-05
0.10446492087
-0.000245099887252
2.22044604925e-16
-0.0
-1.0
0.0
1.0
-0.0
1.0
0.0
2.22044604925e-16
0.104500578418
-7.31793697923e-05
-0.000245099887252
-2.22044604925e-16
-2.46519032882e-32
1.0
1.22464679915e-16
-1.0
0.0
1.0
1.22464679915e-16
2.22044604925e-16
-0.104575622063
-7.31793697923e-05
-0.000245099887252
-2.22044604925e-16
1.0
1.11022302463e-16
-3.33066907388e-16
-2.22044604925e-16
1.0
1.0
1.11022302463e-16
2.22044604925e-16
-3.7521822378e-05
-0.10461127961
-0.000245099887252
-4.4408920985e-16
1.0
1.11022302463e-16
-3.33066907388e-16
0.0
-1.0
-1.0
-3.33066907388e-16
2.22044604925e-16
-3.7521822378e-05
0.10446492087
-0.000245099887252
-6.66133814775e-16
-1.0
1.11022302463e-16
1.11022302463e-16
0.0
1.0
-1.0
5.55111512313e-16
0.0
-3.75218223781e-05
-0.10461127961
-0.000245099887252
-1.0
-1.22464679915e-16
0.0
1.22464679915e-16
-1.0
0.0
0.0
0.0
1.0
-3.7521822378e-05
-7.31793697923e-05
-0.146645097812
-1.0
-1.22464679915e-16
0.0
1.22464679915e-16
-1.0
0.0
0.0
0.0
1.0
-3.7521822378e-05
-7.31793697923e-05
-0.146645097812
1.0
0.0
0.0
0.0
-1.0
-1.22464679915e-16
0.0
1.22464679915e-16
-1.0
-3.7521822378e-05
-7.31793697923e-05
0.155271695358
1.0
0.0
0.0
0.0
1.0
0.0
0.0
0.0
1.0
-3.7521822378e-05
-7.31793697923e-05
-0.155761895133
1.0
0.0
0.0
0.0
1.0
0.0
0.0
0.0
1.0
-3.7521822378e-05
-7.31793697923e-05
-0.155761895133
1.0
0.0
0.0
0.0
-1.0
-1.22464679915e-16
0.0
1.22464679915e-16
-1.0
-3.7521822378e-05
-7.31793697923e-05
0.155271695358
-1.0
-1.22464679915e-16
0.0
1.22464679915e-16
-1.0
0.0
0.0
0.0
1.0
-3.7521822378e-05
-7.31793697923e-05
-0.155761895133
-1.0
-1.22464679915e-16
0.0
-1.22464679915e-16
1.0
-1.22464679915e-16
1.49975978266e-32
-1.22464679915e-16
-1.0
-3.7521822378e-05
-7.31793697923e-05
0.155271695358
-1.0
-1.22464679915e-16
0.0
-1.22464679915e-16
1.0
-1.22464679915e-16
1.49975978266e-32
-1.22464679915e-16
-1.0
-3.7521822378e-05
-7.31793697923e-05
0.155271695358
-2.22044604925e-16
1.0
0.0
-1.0
-2.22044604925e-16
0.0
0.0
0.0
1.0
-3.7521822378e-05
-7.31793697923e-05
-0.155761895133
-2.22044604925e-16
1.0
0.0
-1.0
-2.22044604925e-16
0.0
0.0
0.0
1.0
-3.7521822378e-05
-7.31793697923e-05
-0.155761895133
-2.22044604925e-16
1.0
0.0
1.0
2.22044604925e-16
-1.22464679915e-16
-1.22464679915e-16
-2.46519032882e-32
-1.0
-3.7521822378e-05
-7.31793697923e-05
0.146154898038
-1.0
-1.22464679915e-16
0.0
-1.22464679915e-16
1.0
-1.22464679915e-16
1.49975978266e-32
-1.22464679915e-16
-1.0
-3.7521822378e-05
-7.31793697923e-05
0.146154898038
-1.0
-1.22464679915e-16
0.0
-1.22464679915e-16
1.0
-1.22464679915e-16
1.49975978266e-32
-1.22464679915e-16
-1.0
-3.7521822378e-05
-7.31793697923e-05
0.146154898038
-1.0
-1.22464679915e-16
0.0
-1.22464679915e-16
1.0
-1.22464679915e-16
1.49975978266e-32
-1.22464679915e-16
-1.0
-3.7521822378e-05
-7.31793697923e-05
0.164271695358
1.0
0.0
0.0
0.0
-1.0
-1.22464679915e-16
0.0
1.22464679915e-16
-1.0
-3.7521822378e-05
-7.31793697923e-05
0.164271695358
-2.22044604925e-16
1.0
0.0
-1.0
-2.22044604925e-16
0.0
0.0
0.0
1.0
-3.7521822378e-05
-7.31793697923e-05
-0.164761895133
1.0
0.0
0.0
0.0
1.0
0.0
0.0
0.0
1.0
-3.7521822378e-05
-7.31793697923e-05
-0.164761895133
-1.0
-1.22464679915e-16
0.0
1.22464679915e-16
-1.0
0.0
0.0
0.0
1.0
-3.7521822378e-05
-7.31793697923e-05
-0.164761895133
-1.0
-1.22464679915e-16
0.0
-1.22464679915e-16
1.0
-1.22464679915e-16
1.49975978266e-32
-1.22464679915e-16
-1.0
-3.7521822378e-05
-7.31793697923e-05
0.164271695358
1.0
0.0
0.0
0.0
-1.0
-1.22464679915e-16
0.0
1.22464679915e-16
-1.0
-3.7521822378e-05
-7.31793697923e-05
0.164271695358
-2.22044604925e-16
1.0
0.0
-1.0
-2.22044604925e-16
0.0
0.0
0.0
1.0
-3.7521822378e-05
-7.31793697923e-05
-0.164761895133
-1.0
-1.22464679915e-16
0.0
1.22464679915e-16
-1.0
0.0
0.0
0.0
1.0
-3.7521822378e-05
-7.31793697923e-05
-0.164761895133
1.0
0.0
0.0
0.0
1.0
0.0
0.0
0.0
1.0
-3.7521822378e-05
-7.31793697923e-05
-0.164761895133
-2.22044604925e-16
1.0
0.0
1.0
2.22044604925e-16
-1.22464679915e-16
-1.22464679915e-16
-2.46519032882e-32
-1.0
-3.7521822378e-05
-7.31793697923e-05
0.155271695358
-2.22044604925e-16
1.0
0.0
1.0
2.22044604925e-16
-1.22464679915e-16
-1.22464679915e-16
-2.46519032882e-32
-1.0
-3.7521822378e-05
-7.31793697923e-05
0.155271695358
-1.0
-1.22464679915e-16
0.0
1.22464679915e-16
-1.0
0.0
0.0
0.0
1.0
-3.7521822378e-05
-7.31793697923e-05
-0.155761895133
-4.4408920985e-16
-1.0
1.23259516441e-32
-1.0
4.4408920985e-16
-1.22464679915e-16
1.22464679915e-16
-7.39557098645e-32
-1.0
-3.7521822378e-05
-7.31793697923e-05
0.155271695358
-4.4408920985e-16
-1.0
1.23259516441e-32
-1.0
4.4408920985e-16
-1.22464679915e-16
1.22464679915e-16
-7.39557098645e-32
-1.0
-3.7521822378e-05
-7.31793697923e-05
0.155271695358
-4.4408920985e-16
-1.0
0.0
1.0
-4.4408920985e-16
0.0
0.0
0.0
1.0
-3.7521822378e-05
-7.31793697923e-05
-0.155761895133
-4.4408920985e-16
-1.0
0.0
1.0
-4.4408920985e-16
0.0
0.0
0.0
1.0
-3.7521822378e-05
-7.31793697923e-05
-0.155761895133
-2.22044604925e-16
1.0
0.0
1.0
2.22044604925e-16
-1.22464679915e-16
-1.22464679915e-16
-2.46519032882e-32
-1.0
-3.7521822378e-05
-7.31793697923e-05
0.164271695358
-2.22044604925e-16
1.0
0.0
1.0
2.22044604925e-16
-1.22464679915e-16
-1.22464679915e-16
-2.46519032882e-32
-1.0
-3.7521822378e-05
-7.31793697923e-05
0.164271695358
-4.4408920985e-16
-1.0
0.0
1.0
-4.4408920985e-16
0.0
0.0
0.0
1.0
-3.7521822378e-05
-7.31793697923e-05
-0.164761895133
-4.4408920985e-16
-1.0
0.0
1.0
-4.4408920985e-16
0.0
0.0
0.0
1.0
-3.7521822378e-05
-7.31793697923e-05
-0.164761895133
-4.4408920985e-16
-1.0
1.23259516441e-32
-1.0
4.4408920985e-16
-1.22464679915e-16
1.22464679915e-16
-7.39557098645e-32
-1.0
-3.7521822378e-05
-7.31793697923e-05
0.164271695358
-4.4408920985e-16
-1.0
1.23259516441e-32
-1.0
4.4408920985e-16
-1.22464679915e-16
1.22464679915e-16
-7.39557098645e-32
-1.0
-3.7521822378e-05
-7.31793697923e-05
0.164271695358
-4.4408920985e-16
-1.0
0.0
1.0
-4.4408920985e-16
0.0
0.0
0.0
1.0
-3.7521822378e-05
-7.31793697923e-05
-0.122899997448
-2.22044604925e-16
1.0
0.0
-1.0
-2.22044604925e-16
0.0
0.0
0.0
1.0
-3.7521822378e-05
-7.31793697923e-05
-0.122899997448
-4.4408920985e-16
-1.0
1.23259516441e-32
-1.0
4.4408920985e-16
-1.22464679915e-16
1.22464679915e-16
-7.39557098645e-32
-1.0
-3.7521822378e-05
-7.31793697923e-05
0.122409797673
1.0
0.0
0.0
0.0
-1.0
-1.22464679915e-16
0.0
1.22464679915e-16
-1.0
-3.7521822378e-05
-7.31793697923e-05
0.122409797673
-1.0
-1.22464679915e-16
0.0
1.22464679915e-16
-1.0
0.0
0.0
0.0
1.0
-3.7521822378e-05
-7.31793697923e-05
-0.122899997448
-1.0
-1.22464679915e-16
0.0
-1.22464679915e-16
1.0
-1.22464679915e-16
1.49975978266e-32
-1.22464679915e-16
-1.0
-3.7521822378e-05
-7.31793697923e-05
0.122409797673
1.0
0.0
0.0
0.0
1.0
0.0
0.0
0.0
1.0
-3.7521822378e-05
-7.31793697923e-05
-0.122899997448
-2.22044604925e-16
1.0
0.0
1.0
2.22044604925e-16
-1.22464679915e-16
-1.22464679915e-16
-2.46519032882e-32
-1.0
-3.7521822378e-05
-7.31793697923e-05
0.122409797673
-1.0
-1.22464679915e-16
0.0
-1.22464679915e-16
1.0
-1.22464679915e-16
1.49975978266e-32
-1.22464679915e-16
-1.0
-3.7521822378e-05
-7.31793697923e-05
0.122409797673
1.0
0.0
0.0
0.0
-1.0
-1.22464679915e-16
0.0
1.22464679915e-16
-1.0
-3.7521822378e-05
-7.31793697923e-05
0.122409797673
-2.22044604925e-16
1.0
0.0
-1.0
-2.22044604925e-16
0.0
0.0
0.0
1.0
-3.7521822378e-05
-7.31793697923e-05
-0.122899997448
-1.0
-1.22464679915e-16
0.0
1.22464679915e-16
-1.0
0.0
0.0
0.0
1.0
-3.7521822378e-05
-7.31793697923e-05
-0.122899997448
-4.4408920985e-16
-1.0
1.23259516441e-32
-1.0
4.4408920985e-16
-1.22464679915e-16
1.22464679915e-16
-7.39557098645e-32
-1.0
-3.7521822378e-05
-7.31793697923e-05
0.122409797673
-4.4408920985e-16
-1.0
0.0
1.0
-4.4408920985e-16
0.0
0.0
0.0
1.0
-3.7521822378e-05
-7.31793697923e-05
-0.122899997448
1.0
0.0
0.0
0.0
1.0
0.0
0.0
0.0
1.0
-3.7521822378e-05
-7.31793697923e-05
-0.122899997448
-2.22044604925e-16
1.0
0.0
1.0
2.22044604925e-16
-1.22464679915e-16
-1.22464679915e-16
-2.46519032882e-32
-1.0
-3.7521822378e-05
-7.31793697923e-05
0.122409797673
