1.57046684685e-16
-0
-1.0
0.0
1.0
-0
1.0
0.0
1.57046684685e-16
0.240236499038
-0.0601069992781
0.0283829998225
-1.56992474576e-16
-1.83264271271e-32
-1.0
1.22460635382e-16
-1.0
-8.96761130355e-34
-1.0
-1.22460635382e-16
1.57046684685e-16
0.240236499038
-0.0601069992781
0.0283829998225
-1.59481330388e-09
-3.99351143161e-05
-0.999999999203
-3.9935114316e-05
-0.999999998405
3.9935114348e-05
-0.999999999203
3.99351143479e-05
-5.41029540403e-17
0.240336498907
0.0498866126138
0.0283829998225
1.59481330388e-09
3.99351143161e-05
-0.999999999203
3.99351143161e-05
0.999999998405
3.9935114348e-05
0.999999999203
-3.9935114348e-05
-5.4101688407e-17
0.240336498907
0.0498866126138
0.0283829998225
-1.56992474576e-16
-1.83264271271e-32
-1.0
1.22460635382e-16
-1.0
-8.96761130355e-34
-1.0
-1.22460635382e-16
1.57046684685e-16
0.240236499038
-0.000106498599052
0.0283829998225
1.57046684685e-16
-0
-1.0
0.0
1.0
-0
1.0
0.0
1.57046684685e-16
0.240236499038
-0.000106498599052
0.0283829998225
