1.0
0.0
0.0
0.0
1.0
0.0
0.0
0.0
1.0
0.00865949876606
-0.0601069992781
-0.169497496995
-1.0
-1.22460635382e-16
0.0
1.22460635382e-16
-1.0
0.0
0.0
0.0
1.0
0.00865949876606
-0.0601069992781
-0.169497496995
-1.0
-1.22460635382e-16
0.0
1.22460635382e-16
-1.0
0.0
0.0
0.0
1.0
0.00865949876606
0.0498935014009
-0.169397496988
1.0
0.0
0.0
0.0
1.0
0.0
0.0
0.0
1.0
0.00865949876606
0.0498935014009
-0.169397496988
1.0
0.0
0.0
0.0
0.9999999968
-8.00000002359e-05
0.0
8.00000002359e-05
0.9999999968
0.00865949876606
-9.29386392323e-05
-0.169497496452
-1.0
-1.22460635382e-16
1.32243114468e-37
1.2246063499e-16
-0.9999999968
-8.00000002359e-05
9.79685085946e-21
-8.00000002359e-05
0.9999999968
0.00865949876606
-9.29386392323e-05
-0.169497496452
