2.31477163826e-17
-0.207322093251
0.978272737865
-1.0
-2.20797772427e-16
-2.31477163826e-17
2.20851982535e-16
-0.978272737865
-0.207322093251
-0.225977047394
-0.000106498599052
0.0521935834338
2.17626481072e-16
0.207322093251
0.978272737865
1.0
-5.14318405573e-16
-1.13570177568e-16
4.79515515836e-16
0.978272737865
-0.207322093251
-0.225977047394
-0.000106498599052
0.0521935834338
-4.70977423728e-16
-1.0
0.0
1.0
-4.70977423728e-16
0.0
0.0
0.0
1.0
-0.0355190007389
-0.000106498599052
-0.179897999314
-1.56992474576e-16
0.998243956122
-0.0592368472026
-1.0
-1.56992474576e-16
4.65190494632e-18
-4.65190494632e-18
0.0592368472026
0.998243956122
0.0691681154252
-0.000106498599052
-0.176844810874
1.11022302463e-16
-1.11022302463e-16
-1.0
1.0
-5.55111512313e-16
1.11022302463e-16
-5.55111512313e-16
-1.0
1.11022302463e-16
0.244237001332
-0.000106498599052
0.015
0.0
2.22044604925e-16
-1.0
-1.0
-2.22044604925e-16
0.0
-2.22044604925e-16
1.0
2.22044604925e-16
0.244237001332
-0.000106498599052
0.015
-8.79830062972e-17
-0.371391630519
-0.928476309219
-1.0
-8.79830062972e-17
1.30022945535e-16
-1.30022945535e-16
0.928476309219
-0.371391630519
0.228810604774
-0.000106498599052
0.119193596528
-4.70977423728e-16
-1.0
0.0
1.0
-4.70977423728e-16
0.0
0.0
0.0
1.0
0.0336594987661
-0.000106498599052
-0.177398000089
-1.56992474576e-16
1.0
0.0
-1.0
-1.56992474576e-16
0.0
0.0
0.0
1.0
0.0336594987661
-0.000106498599052
-0.177398000089
1.30090708171e-16
0.560018548549
0.828480069332
1.0
-4.24587123272e-16
1.3005005059e-16
4.24627780854e-16
0.828480069332
-0.560018548549
-0.194526370734
-0.000106498599052
0.128906329033
6.50927879306e-17
-0.560018548549
0.828480069332
-1.0
-2.12246127791e-16
-6.50250252948e-17
2.12313890427e-16
-0.828480069332
-0.560018548549
-0.194526370734
-0.000106498599052
0.128906329033
1.53962214207e-16
-0.985861301594
0.167563402982
-1.0
-1.58992742881e-16
-1.61342835793e-17
4.25346064793e-17
-0.167563402982
-0.985861301594
0.014009140132
-0.000106498599052
0.230542275284
-0.000122633446906
0.952978574103
0.303037658157
0.999999992299
0.000122633446906
1.90286534912e-05
-1.90286534909e-05
0.303037658157
-0.952978581804
-0.0900051715436
-0.000109919950942
0.207406675556
0.000122633446906
-0.952978574103
0.303037658157
-0.999999992299
-0.000122633446906
1.90286534912e-05
1.90286534912e-05
-0.303037658157
-0.952978581804
-0.0900051715436
-0.000109919950942
0.207406675556
-4.70977423728e-16
-1.0
0.0
1.0
-4.70977423728e-16
0.0
0.0
0.0
1.0
-0.0105190007389
-0.000106498599052
-0.178598000164
1.5366278806e-16
-0.973190760248
0.229999443845
-1.0
-1.58207966855e-16
-1.31459513414e-18
3.76760254939e-17
-0.229999443845
-0.973190760248
-0.0518499006962
-0.000106498599052
0.217868582395
1.56264873274e-16
-0.981709177017
0.190386690083
-1.0
-1.56310613053e-16
1.50162000889e-17
1.50162000889e-17
-0.190386690083
-0.981709177017
-0.0255339506876
-0.000106498599052
0.223350434856
0.999975068274
0.00560677734305
0.00429265409979
0.00560677734305
-0.260881479001
-0.965354555571
-0.00429265409979
0.965354555571
-0.260906410727
0.0079018474751
0.270278095236
0.0505770412758
-0.999975068274
-0.00560677734305
0.00429265409979
-0.00560677734305
0.260881479001
-0.965354555571
0.00429265409979
-0.965354555571
-0.260906410727
0.0079018474751
0.270278095236
0.0505770412758
-1.0
-1.22460635382e-16
0.0
1.22460635382e-16
-1.0
0.0
0.0
0.0
1.0
-0.0355190007389
0.0498935014009
-0.181398000338
1.0
0.0
0.0
0.0
1.0
0.0
0.0
0.0
1.0
-0.0355190007389
0.0498935014009
-0.181398000338
-1.0
-1.22460635382e-16
0.0
1.22460635382e-16
-1.0
0.0
0.0
0.0
1.0
0.0336594987661
0.0498935014009
-0.158797998649
1.0
0.0
0.0
0.0
1.0
0.0
0.0
0.0
1.0
0.0336594987661
0.0498935014009
-0.158797998649
1.0
0.0
0.0
0.0
1.0
0.0
0.0
0.0
1.0
0.0336594987661
-0.0351069992781
-0.159497999624
-1.0
-1.22460635382e-16
0.0
1.22460635382e-16
-1.0
0.0
0.0
0.0
1.0
0.0336594987661
-0.0351069992781
-0.159497999624
-1.0
-1.22460635382e-16
0.0
1.22460635382e-16
-1.0
0.0
0.0
0.0
1.0
0.0336594987661
0.0248935014009
-0.158997999593
1.0
0.0
0.0
0.0
1.0
0.0
0.0
0.0
1.0
0.0336594987661
0.0248935014009
-0.158997999593
-1.0
-1.22460635382e-16
0.0
1.22460635382e-16
-1.0
0.0
0.0
0.0
1.0
-0.0355190007389
0.0248935014009
-0.181398000338
-1.0
-1.22460635382e-16
0.0
1.22460635382e-16
-1.0
0.0
0.0
0.0
1.0
0.0336594987661
-0.000106498599052
-0.159197999605
1.0
0.0
0.0
0.0
1.0
0.0
0.0
0.0
1.0
0.0336594987661
-0.000106498599052
-0.159197999605
1.0
0.0
0.0
0.0
1.0
0.0
0.0
0.0
1.0
0.0336594987661
-0.0101069992781
-0.159297999611
-1.0
-1.22460635382e-16
0.0
1.22460635382e-16
-1.0
0.0
0.0
0.0
1.0
0.0336594987661
-0.0101069992781
-0.159297999611
1.0
0.0
0.0
0.0
1.0
0.0
0.0
0.0
1.0
-0.0105190007389
0.0248935014009
-0.16039799968
-1.0
-1.22460635382e-16
0.0
1.22460635382e-16
-1.0
0.0
0.0
0.0
1.0
-0.0105190007389
0.0248935014009
-0.16039799968
-1.0
-1.22460635382e-16
0.0
1.22460635382e-16
-1.0
0.0
0.0
0.0
1.0
-0.0105190007389
-0.000106498599052
-0.16039799968
-1.0
-1.22460635382e-16
0.0
1.22460635382e-16
-1.0
0.0
0.0
0.0
1.0
-0.0105190007389
-0.0101069992781
-0.16039799968
