-1.56992474576e-16
0.998243956122
-0.0592368472026
-1.0
-1.56992474576e-16
4.65190494632e-18
-4.65190494632e-18
0.0592368472026
0.998243956122
0.0691681154252
-0.000106498599052
-0.176844810874
1.30090708171e-16
0.560018548549
0.828480069332
1.0
-4.24587123272e-16
1.3005005059e-16
4.24627780854e-16
0.828480069332
-0.560018548549
-0.194526370734
-0.000106498599052
0.128906329033
6.50927879306e-17
-0.560018548549
0.828480069332
-1.0
-2.12246127791e-16
-6.50250252948e-17
2.12313890427e-16
-0.828480069332
-0.560018548549
-0.194526370734
-0.000106498599052
0.128906329033
-4.70977423728e-16
-1.0
0.0
1.0
-4.70977423728e-16
0.0
0.0
0.0
1.0
-0.0105190007389
-0.000106498599052
-0.178598000164
1.5366278806e-16
-0.973190760248
0.229999443845
-1.0
-1.58207966855e-16
-1.31459513414e-18
3.76760254939e-17
-0.229999443845
-0.973190760248
-0.0518499006962
-0.000106498599052
0.217868582395
1.56264873274e-16
-0.981709177017
0.190386690083
-1.0
-1.56310613053e-16
1.50162000889e-17
1.50162000889e-17
-0.190386690083
-0.981709177017
-0.0255339506876
-0.000106498599052
0.223350434856
0.999975068274
0.00560677734305
0.00429265409979
0.00560677734305
-0.260881479001
-0.965354555571
-0.00429265409979
0.965354555571
-0.260906410727
0.0079018474751
0.270278095236
0.0505770412758
-0.999975068274
-0.00560677734305
0.00429265409979
-0.00560677734305
0.260881479001
-0.965354555571
0.00429265409979
-0.965354555571
-0.260906410727
0.0079018474751
0.270278095236
0.0505770412758
-1.0
-1.22460635382e-16
0.0
1.22460635382e-16
-1.0
0.0
0.0
0.0
1.0
-0.0105190007389
-0.000106498599052
-0.16039799968
