-4.70977423728e-16
-1.0
0.0
1.0
-4.70977423728e-16
0.0
0.0
0.0
1.0
-0.00958497229964
-0.00663995556533
-0.145846618542
-1.56992474576e-16
1.0
0.0
-1.0
-1.56992474576e-16
0.0
0.0
0.0
1.0
-0.00958497229964
-0.00663995556533
-0.145846618542
1.0
-0
0.0
0.0
1.57046684685e-16
1.0
-0
-1.0
1.57046684685e-16
0.00512462481856
-0.133749550608
0.019492293112
-1.0
-1.22460635382e-16
-8.96761130355e-34
1.83264271271e-32
-1.56992474576e-16
1.0
-1.22460635382e-16
1.0
1.57046684685e-16
0.00512462481856
-0.133749550608
0.019492293112
0.0
2.22044604925e-16
-1.0
-1.0
-2.22044604925e-16
0.0
-2.22044604925e-16
1.0
2.22044604925e-16
0.132234219862
-0.00663995556533
0.019492293112
1.11022302463e-16
-1.11022302463e-16
-1.0
1.0
-5.55111512313e-16
1.11022302463e-16
-5.55111512313e-16
-1.0
1.11022302463e-16
0.132234219862
-0.00663995556533
0.019492293112
0.0
2.22044604925e-16
1.0
-1.0
-2.22044604925e-16
0.0
2.22044604925e-16
-1.0
2.22044604925e-16
-0.121984970224
-0.00663995556533
0.019492293112
1.11022302463e-16
-1.11022302463e-16
1.0
1.0
-5.55111512313e-16
-1.11022302463e-16
5.55111512313e-16
1.0
1.11022302463e-16
-0.121984970224
-0.00663995556533
0.019492293112
1.0
0.0
0.0
0.0
1.57046684685e-16
-1.0
0.0
1.0
1.57046684685e-16
0.00512462481856
0.120469639478
0.019492293112
-1.0
-1.22460635382e-16
8.96761130355e-34
1.83264271271e-32
-1.56992474576e-16
-1.0
1.22460635382e-16
-1.0
1.57046684685e-16
0.00512462481856
0.120469639478
0.019492293112
0.0
2.22044604925e-16
-1.0
-1.0
-2.22044604925e-16
0.0
-2.22044604925e-16
1.0
2.22044604925e-16
0.132234219862
-0.00663995556533
0.044492293112
1.11022302463e-16
-1.11022302463e-16
-1.0
1.0
-5.55111512313e-16
1.11022302463e-16
-5.55111512313e-16
-1.0
1.11022302463e-16
0.132234219862
-0.00663995556533
0.044492293112
-1.0
-1.22460635382e-16
-8.96761130355e-34
1.83264271271e-32
-1.56992474576e-16
1.0
-1.22460635382e-16
1.0
1.57046684685e-16
0.00512462481856
-0.133749550608
0.044492293112
1.0
-0
0.0
0.0
1.57046684685e-16
1.0
-0
-1.0
1.57046684685e-16
0.00512462481856
-0.133749550608
0.044492293112
1.11022302463e-16
-1.11022302463e-16
1.0
1.0
-5.55111512313e-16
-1.11022302463e-16
5.55111512313e-16
1.0
1.11022302463e-16
-0.121984970224
-0.00663995556533
0.044492293112
0.0
2.22044604925e-16
1.0
-1.0
-2.22044604925e-16
0.0
2.22044604925e-16
-1.0
2.22044604925e-16
-0.121984970224
-0.00663995556533
0.044492293112
-1.0
-1.22460635382e-16
8.96761130355e-34
1.83264271271e-32
-1.56992474576e-16
-1.0
1.22460635382e-16
-1.0
1.57046684685e-16
0.00512462481856
0.120469639478
0.044492293112
1.0
0.0
0.0
0.0
1.57046684685e-16
-1.0
0.0
1.0
1.57046684685e-16
0.00512462481856
0.120469639478
0.044492293112
1.0
-0
0.0
0.0
1.57046684685e-16
1.0
-0
-1.0
1.57046684685e-16
0.00512462481856
-0.133749550608
0.0635533793829
0.0
2.22044604925e-16
-1.0
-1.0
-2.22044604925e-16
0.0
-2.22044604925e-16
1.0
2.22044604925e-16
0.132234219862
-0.00663995556533
0.0635533793829
1.0
0.0
0.0
0.0
1.57046684685e-16
-1.0
0.0
1.0
1.57046684685e-16
0.00512462481856
0.120469639478
0.0635533793829
0.0
2.22044604925e-16
1.0
-1.0
-2.22044604925e-16
0.0
2.22044604925e-16
-1.0
2.22044604925e-16
-0.121984970224
-0.00663995556533
0.0635533793829
-1.0
-1.22460635382e-16
-8.96761130355e-34
1.83264271271e-32
-1.56992474576e-16
1.0
-1.22460635382e-16
1.0
1.57046684685e-16
0.00512462481856
-0.133749550608
0.0885533793829
1.0
-0
0.0
0.0
1.57046684685e-16
1.0
-0
-1.0
1.57046684685e-16
0.00512462481856
-0.133749550608
0.0885533793829
1.11022302463e-16
-1.11022302463e-16
-1.0
1.0
-5.55111512313e-16
1.11022302463e-16
-5.55111512313e-16
-1.0
1.11022302463e-16
0.132234219862
-0.00663995556533
0.0885533793829
0.0
2.22044604925e-16
-1.0
-1.0
-2.22044604925e-16
0.0
-2.22044604925e-16
1.0
2.22044604925e-16
0.132234219862
-0.00663995556533
0.0885533793829
1.11022302463e-16
-1.11022302463e-16
1.0
1.0
-5.55111512313e-16
-1.11022302463e-16
5.55111512313e-16
1.0
1.11022302463e-16
-0.121984970224
-0.00663995556533
0.0885533793829
0.0
2.22044604925e-16
1.0
-1.0
-2.22044604925e-16
0.0
2.22044604925e-16
-1.0
2.22044604925e-16
-0.121984970224
-0.00663995556533
0.0885533793829
-1.0
-1.22460635382e-16
8.96761130355e-34
1.83264271271e-32
-1.56992474576e-16
-1.0
1.22460635382e-16
-1.0
1.57046684685e-16
0.00512462481856
0.120469639478
0.0885533793829
1.0
0.0
0.0
0.0
1.57046684685e-16
-1.0
0.0
1.0
1.57046684685e-16
0.00512462481856
0.120469639478
0.0885533793829
1.0
-0
0.0
0.0
1.57046684685e-16
1.0
-0
-1.0
1.57046684685e-16
0.00512462481856
-0.133749550608
0.113553379383
-1.0
-1.22460635382e-16
-8.96761130355e-34
1.83264271271e-32
-1.56992474576e-16
1.0
-1.22460635382e-16
1.0
1.57046684685e-16
0.00512462481856
-0.133749550608
0.113553379383
0.0
2.22044604925e-16
-1.0
-1.0
-2.22044604925e-16
0.0
-2.22044604925e-16
1.0
2.22044604925e-16
0.132234219862
-0.00663995556533
0.113553379383
1.11022302463e-16
-1.11022302463e-16
-1.0
1.0
-5.55111512313e-16
1.11022302463e-16
-5.55111512313e-16
-1.0
1.11022302463e-16
0.132234219862
-0.00663995556533
0.113553379383
0.0
2.22044604925e-16
1.0
-1.0
-2.22044604925e-16
0.0
2.22044604925e-16
-1.0
2.22044604925e-16
-0.121984970224
-0.00663995556533
0.113553379383
1.0
0.0
0.0
0.0
1.57046684685e-16
-1.0
0.0
1.0
1.57046684685e-16
0.00512462481856
0.120469639478
0.113553379383
-1.0
-1.22460635382e-16
8.96761130355e-34
1.83264271271e-32
-1.56992474576e-16
-1.0
1.22460635382e-16
-1.0
1.57046684685e-16
0.00512462481856
0.120469639478
0.113553379383
1.11022302463e-16
-1.11022302463e-16
1.0
1.0
-5.55111512313e-16
-1.11022302463e-16
5.55111512313e-16
1.0
1.11022302463e-16
-0.121984970224
-0.00663995556533
0.113553379383
-1.56992474576e-16
1.0
8.96761130355e-34
1.0
1.57046684685e-16
-1.22460635382e-16
-1.22460635382e-16
-1.83264271271e-32
-1.0
-0.00958497229964
-0.00663995556533
0.272953377308
-1.11022302463e-16
3.33066907388e-16
-1.0
-1.0
-1.11022302463e-16
1.11022302463e-16
-1.11022302463e-16
1.0
3.33066907388e-16
0.132234219862
-0.00663995556533
0.0120948477018
1.11022302463e-16
-1.11022302463e-16
-1.0
1.0
-5.55111512313e-16
1.11022302463e-16
-5.55111512313e-16
-1.0
1.11022302463e-16
0.132234219862
-0.00663995556533
0.0120948477018
-1.0
-2.25031199283e-17
9.9957515454e-17
9.9957515454e-17
-1.56992474576e-16
1.0
-2.25031199283e-17
1.0
1.57046684685e-16
0.00512462481856
-0.133749550608
0.0190898251294
1.0
-9.9957515454e-17
9.9957515454e-17
-9.9957515454e-17
1.57046684685e-16
1.0
-9.9957515454e-17
-1.0
1.57046684685e-16
0.00512462481856
-0.133749550608
0.0190898251294
-1.11022302463e-16
-1.11022302463e-16
1.0
1.0
-3.33066907388e-16
1.11022302463e-16
3.33066907388e-16
1.0
1.11022302463e-16
-0.121984970224
-0.00663995556533
0.0120948477018
1.11022302463e-16
3.33066907388e-16
1.0
-1.0
-3.33066907388e-16
1.11022302463e-16
3.33066907388e-16
-1.0
3.33066907388e-16
-0.121984970224
-0.00663995556533
0.0120948477018
1.0
9.9957515454e-17
9.9957515454e-17
9.9957515454e-17
1.57046684685e-16
-1.0
-9.9957515454e-17
1.0
1.57046684685e-16
0.00512462481856
0.120469639478
0.0190898251294
-1.0
-2.22418150836e-16
9.9957515454e-17
-9.9957515454e-17
-1.56992474576e-16
-1.0
2.22418150836e-16
-1.0
1.57046684685e-16
0.00512462481856
0.120469639478
0.0190898251294
-1.0
-5.90677273355e-17
6.33929080467e-17
6.33929080467e-17
-1.56992474576e-16
1.0
-5.90677273355e-17
1.0
1.57046684685e-16
0.00512462481856
-0.133749550608
0.0437020612474
1.0
-6.33929080467e-17
6.33929080467e-17
-6.33929080467e-17
1.57046684685e-16
1.0
-6.33929080467e-17
-1.0
1.57046684685e-16
0.00512462481856
-0.133749550608
0.0437020612474
1.0
6.33929080467e-17
6.33929080467e-17
6.33929080467e-17
1.57046684685e-16
-1.0
-6.33929080467e-17
1.0
1.57046684685e-16
0.00512462481856
0.120469639478
0.0437020612474
-1.0
-1.85853543429e-16
6.33929080467e-17
-6.33929080467e-17
-1.56992474576e-16
-1.0
1.85853543429e-16
-1.0
1.57046684685e-16
0.00512462481856
0.120469639478
0.0437020612474
1.11022302463e-16
-1.11022302463e-16
-1.0
1.0
-5.55111512313e-16
1.11022302463e-16
-5.55111512313e-16
-1.0
1.11022302463e-16
0.132234219862
-0.00663995556533
0.0635533793829
-1.0
-1.22460635382e-16
-8.96761130355e-34
1.83264271271e-32
-1.56992474576e-16
1.0
-1.22460635382e-16
1.0
1.57046684685e-16
0.00512462481856
-0.133749550608
0.0635533793829
1.11022302463e-16
-1.11022302463e-16
1.0
1.0
-5.55111512313e-16
-1.11022302463e-16
5.55111512313e-16
1.0
1.11022302463e-16
-0.121984970224
-0.00663995556533
0.0635533793829
-1.0
-1.22460635382e-16
8.96761130355e-34
1.83264271271e-32
-1.56992474576e-16
-1.0
1.22460635382e-16
-1.0
1.57046684685e-16
0.00512462481856
0.120469639478
0.0635533793829
-1.0
-7.02865756901e-17
5.21740596922e-17
5.21740596922e-17
-1.56992474576e-16
1.0
-7.02865756901e-17
1.0
1.57046684685e-16
0.00512462481856
-0.133749550608
0.0576437730863
1.0
-5.21740596922e-17
5.21740596922e-17
-5.21740596922e-17
1.57046684685e-16
1.0
-5.21740596922e-17
-1.0
1.57046684685e-16
0.00512462481856
-0.133749550608
0.0576437730863
0.143552025559
0.0210502991358
-0.989418870279
-0.978949700864
-0.143552025559
-0.145087212172
-0.145087212172
0.989418870279
1.64636099892e-16
0.130889256748
0.0118020212198
0.0592428967623
1.0
5.21740596922e-17
5.21740596922e-17
5.21740596922e-17
1.57046684685e-16
-1.0
-5.21740596922e-17
1.0
1.57046684685e-16
0.00512462481856
0.120469639478
0.0576437730863
-1.0
-1.74634695074e-16
5.21740596922e-17
-5.21740596922e-17
-1.56992474576e-16
-1.0
1.74634695074e-16
-1.0
1.57046684685e-16
0.00512462481856
0.120469639478
0.0576437730863
-0.143552025559
-0.0210502991358
0.989418870279
0.978949700864
0.143552025559
0.145087212172
-0.145087212172
0.989418870279
5.36137974294e-17
-0.120640007111
-0.0250819323504
0.0592428967623
-1.0
-7.02865756901e-17
5.21740596922e-17
5.21740596922e-17
-1.56992474576e-16
1.0
-7.02865756901e-17
1.0
1.57046684685e-16
0.00512462481856
-0.133749550608
0.0694629856796
1.0
-5.21740596922e-17
5.21740596922e-17
-5.21740596922e-17
1.57046684685e-16
1.0
-5.21740596922e-17
-1.0
1.57046684685e-16
0.00512462481856
-0.133749550608
0.0694629856796
-1.0
-1.74634695074e-16
5.21740596922e-17
-5.21740596922e-17
-1.56992474576e-16
-1.0
1.74634695074e-16
-1.0
1.57046684685e-16
0.00512462481856
0.120469639478
0.0694629856796
1.0
5.21740596922e-17
5.21740596922e-17
5.21740596922e-17
1.57046684685e-16
-1.0
-5.21740596922e-17
1.0
1.57046684685e-16
0.00512462481856
0.120469639478
0.0694629856796
-1.0
-5.90677273355e-17
6.33929080467e-17
6.33929080467e-17
-1.56992474576e-16
1.0
-5.90677273355e-17
1.0
1.57046684685e-16
0.00512462481856
-0.133749550608
0.0834046975185
1.0
-6.33929080467e-17
6.33929080467e-17
-6.33929080467e-17
1.57046684685e-16
1.0
-6.33929080467e-17
-1.0
1.57046684685e-16
0.00512462481856
-0.133749550608
0.0834046975185
1.0
6.33929080467e-17
6.33929080467e-17
6.33929080467e-17
1.57046684685e-16
-1.0
-6.33929080467e-17
1.0
1.57046684685e-16
0.00512462481856
0.120469639478
0.0834046975185
-1.0
-1.85853543429e-16
6.33929080467e-17
-6.33929080467e-17
-1.56992474576e-16
-1.0
1.85853543429e-16
-1.0
1.57046684685e-16
0.00512462481856
0.120469639478
0.0834046975185
-1.0
-2.25031199283e-17
9.9957515454e-17
9.9957515454e-17
-1.56992474576e-16
1.0
-2.25031199283e-17
1.0
1.57046684685e-16
0.00512462481856
-0.133749550608
0.108016933637
1.0
-9.9957515454e-17
9.9957515454e-17
-9.9957515454e-17
1.57046684685e-16
1.0
-9.9957515454e-17
-1.0
1.57046684685e-16
0.00512462481856
-0.133749550608
0.108016933637
1.0
9.9957515454e-17
9.9957515454e-17
9.9957515454e-17
1.57046684685e-16
-1.0
-9.9957515454e-17
1.0
1.57046684685e-16
0.00512462481856
0.120469639478
0.108016933637
-1.0
-2.22418150836e-16
9.9957515454e-17
-9.9957515454e-17
-1.56992474576e-16
-1.0
2.22418150836e-16
-1.0
1.57046684685e-16
0.00512462481856
0.120469639478
0.108016933637
-3.33066907388e-16
-1.11022302463e-16
-1.0
1.0
-1.11022302463e-16
-3.33066907388e-16
-1.11022302463e-16
-1.0
1.11022302463e-16
0.132234219862
-0.00663995556533
0.115011911064
2.22044604925e-16
2.22044604925e-16
-1.0
-1.0
-4.4408920985e-16
-2.22044604925e-16
-4.4408920985e-16
1.0
2.22044604925e-16
0.132234219862
-0.00663995556533
0.115011911064
2.77555756156e-16
-5.55111512313e-17
1.0
1.0
-7.21644966006e-16
-2.77555756156e-16
7.21644966006e-16
1.0
5.55111512313e-17
-0.121984970224
-0.00663995556533
0.115011911064
-4.4408920985e-16
2.22044604925e-16
1.0
-1.0
2.22044604925e-16
-4.4408920985e-16
-2.22044604925e-16
-1.0
2.22044604925e-16
-0.121984970224
-0.00663995556533
0.115011911064
