-1.0
-1.22460635382e-16
0.0
1.22460635382e-16
-1.0
0.0
0.0
0.0
1.0
-0.000421036034822
-0.00119582936168
-0.0947136538377
1.0
0.0
0.0
0.0
-1.0
-1.22460635382e-16
0.0
1.22460635382e-16
-1.0
-0.000421036034822
-0.00119582936168
0.213875878071
-1.56992474576e-16
1.0
8.96761130355e-34
1.0
1.57046684685e-16
-1.22460635382e-16
-1.22460635382e-16
-1.83264271271e-32
-1.0
-0.000421036034822
-0.00119582936168
0.213875878071
-4.70977423728e-16
-1.0
0.0
1.0
-4.70977423728e-16
0.0
0.0
0.0
1.0
-0.000421036034822
-0.00119582936168
-0.0947136538377
-1.56992474576e-16
1.0
0.0
-1.0
-1.56992474576e-16
0.0
0.0
0.0
1.0
-0.000421036034822
-0.00119582936168
-0.0947136538377
1.0
0.0
0.0
0.0
1.0
0.0
0.0
0.0
1.0
-0.000421036034822
-0.00119582936168
-0.0947136538377
0.0
2.22044604925e-16
1.0
-1.0
-2.22044604925e-16
0.0
2.22044604925e-16
-1.0
2.22044604925e-16
-0.146375916367
-0.00119582936168
0.0426863440871
-1.0
-1.22460635382e-16
8.96761130355e-34
1.83264271271e-32
-1.56992474576e-16
-1.0
1.22460635382e-16
-1.0
1.57046684685e-16
-0.000421036034822
0.14475905097
0.0426863440871
1.0
-0
0.0
0.0
1.57046684685e-16
1.0
-0
-1.0
1.57046684685e-16
-0.000421036034822
-0.147150709694
0.0426863440871
-1.0
-1.88366212258e-16
6.59055768755e-17
-6.59055768755e-17
-1.56992474576e-16
-1.0
1.88366212258e-16
-1.0
1.57046684685e-16
-0.000421036034822
0.14475905097
0.0394690213041
1.0
6.59055768755e-17
6.59055768755e-17
6.59055768755e-17
1.57046684685e-16
-1.0
-6.59055768755e-17
1.0
1.57046684685e-16
-0.000421036034822
0.14475905097
0.0394690213041
-1.0
-5.65550585067e-17
6.59055768755e-17
6.59055768755e-17
-1.56992474576e-16
1.0
-5.65550585067e-17
1.0
1.57046684685e-16
-0.000421036034822
-0.147150709694
0.0394690213041
1.11022302463e-16
-1.11022302463e-16
-1.0
1.0
-5.55111512313e-16
1.11022302463e-16
-5.55111512313e-16
-1.0
1.11022302463e-16
0.145533844297
-0.00119582936168
0.0426863440871
1.0
0.0
0.0
0.0
1.57046684685e-16
-1.0
0.0
1.0
1.57046684685e-16
-0.000421036034822
0.14475905097
0.0426863440871
0.0
2.22044604925e-16
-1.0
-1.0
-2.22044604925e-16
0.0
-2.22044604925e-16
1.0
2.22044604925e-16
0.145533844297
-0.00119582936168
0.0426863440871
1.11022302463e-16
-1.11022302463e-16
1.0
1.0
-5.55111512313e-16
-1.11022302463e-16
5.55111512313e-16
1.0
1.11022302463e-16
-0.146375916367
-0.00119582936168
0.0426863440871
-1.0
-1.22460635382e-16
-8.96761130355e-34
1.83264271271e-32
-1.56992474576e-16
1.0
-1.22460635382e-16
1.0
1.57046684685e-16
-0.000421036034822
-0.147150709694
0.0426863440871
-1.0
-1.22460635382e-16
8.96761130355e-34
1.83264271271e-32
-1.56992474576e-16
-1.0
1.22460635382e-16
-1.0
1.57046684685e-16
-0.000421036034822
0.14475905097
0.0595811121166
0.0
2.22044604925e-16
1.0
-1.0
-2.22044604925e-16
0.0
2.22044604925e-16
-1.0
2.22044604925e-16
-0.146375916367
-0.00119582936168
0.0595811121166
1.0
0.0
0.0
0.0
1.57046684685e-16
-1.0
0.0
1.0
1.57046684685e-16
-0.000421036034822
0.14475905097
0.0595811121166
0.0
2.22044604925e-16
-1.0
-1.0
-2.22044604925e-16
0.0
-2.22044604925e-16
1.0
2.22044604925e-16
0.145533844297
-0.00119582936168
0.0595811121166
1.11022302463e-16
-1.11022302463e-16
-1.0
1.0
-5.55111512313e-16
1.11022302463e-16
-5.55111512313e-16
-1.0
1.11022302463e-16
0.145533844297
-0.00119582936168
0.0595811121166
1.11022302463e-16
-1.11022302463e-16
1.0
1.0
-5.55111512313e-16
-1.11022302463e-16
5.55111512313e-16
1.0
1.11022302463e-16
-0.146375916367
-0.00119582936168
0.0595811121166
-1.0
-1.22460635382e-16
-8.96761130355e-34
1.83264271271e-32
-1.56992474576e-16
1.0
-1.22460635382e-16
1.0
1.57046684685e-16
-0.000421036034822
-0.147150709694
0.0595811121166
1.0
-0
0.0
0.0
1.57046684685e-16
1.0
-0
-1.0
1.57046684685e-16
-0.000421036034822
-0.147150709694
0.0595811121166
-1.0
-1.22460635382e-16
-1.36845553157e-48
-1.22460635382e-16
1.0
-1.22460635382e-16
1.49966072182e-32
-1.22460635382e-16
-1.0
-0.000421036034822
-0.00119582936168
0.213875878071
1.0
-6.59055768755e-17
6.59055768755e-17
-6.59055768755e-17
1.57046684685e-16
1.0
-6.59055768755e-17
-1.0
1.57046684685e-16
-0.000421036034822
-0.147150709694
0.0796932029291
-4.70977423728e-16
-1.0
-2.69028339107e-33
-1.0
4.71085843945e-16
-1.22460635382e-16
1.22460635382e-16
-5.49913184433e-32
-1.0
-0.000421036034822
-0.00119582936168
0.213875878071
-1.0
-1.88366212258e-16
6.59055768755e-17
-6.59055768755e-17
-1.56992474576e-16
-1.0
1.88366212258e-16
-1.0
1.57046684685e-16
-0.000421036034822
0.14475905097
0.0796932029291
1.11022302463e-16
-1.11022302463e-16
-1.0
1.0
-5.55111512313e-16
1.11022302463e-16
-5.55111512313e-16
-1.0
1.11022302463e-16
0.145533844297
-0.00119582936168
0.109581112117
1.11022302463e-16
-1.11022302463e-16
1.0
1.0
-5.55111512313e-16
-1.11022302463e-16
5.55111512313e-16
1.0
1.11022302463e-16
-0.146375916367
-0.00119582936168
0.109581112117
1.0
-0
0.0
0.0
1.57046684685e-16
1.0
-0
-1.0
1.57046684685e-16
-0.000421036034822
-0.147150709694
0.109581112117
-1.0
-1.22460635382e-16
-8.96761130355e-34
1.83264271271e-32
-1.56992474576e-16
1.0
-1.22460635382e-16
1.0
1.57046684685e-16
-0.000421036034822
-0.147150709694
0.109581112117
1.0
0.0
0.0
0.0
-1.0
-1.22460635382e-16
0.0
1.22460635382e-16
-1.0
-0.000421036034822
-0.00119582936168
0.268981110041
-4.70977423728e-16
-1.0
-2.69028339107e-33
-1.0
4.71085843945e-16
-1.22460635382e-16
1.22460635382e-16
-5.49913184433e-32
-1.0
-0.000421036034822
-0.00119582936168
0.268981110041
-1.56992474576e-16
1.0
8.96761130355e-34
1.0
1.57046684685e-16
-1.22460635382e-16
-1.22460635382e-16
-1.83264271271e-32
-1.0
-0.000421036034822
-0.00119582936168
0.268981110041
-1.0
-1.22460635382e-16
-1.36845553157e-48
-1.22460635382e-16
1.0
-1.22460635382e-16
1.49966072182e-32
-1.22460635382e-16
-1.0
-0.000421036034822
-0.00119582936168
0.268981110041
1.0
-6.59055768755e-17
6.59055768755e-17
-6.59055768755e-17
1.57046684685e-16
1.0
-6.59055768755e-17
-1.0
1.57046684685e-16
-0.000421036034822
-0.147150709694
0.0394690213041
-1.0
-5.65550585067e-17
6.59055768755e-17
6.59055768755e-17
-1.56992474576e-16
1.0
-5.65550585067e-17
1.0
1.57046684685e-16
-0.000421036034822
-0.147150709694
0.0796932029291
1.0
6.59055768755e-17
6.59055768755e-17
6.59055768755e-17
1.57046684685e-16
-1.0
-6.59055768755e-17
1.0
1.57046684685e-16
-0.000421036034822
0.14475905097
0.0796932029291
