0.344415688478
-0.855611654301
0.386402032286
0.178450546718
-0.344415688478
-0.921701272597
0.921701272597
0.386402032286
0.0340622010185
-0.0405778257815
0.172060894613
0.0482274066637
-0.344415688478
0.855611654301
0.386402032286
-0.178450546718
0.344415688478
-0.921701272597
-0.921701272597
-0.386402032286
0.0340622010185
-0.0405778257815
0.172060894613
0.0482274066637
-0.867517809943
-0.33494061922
0.367733097542
-0.33494061922
-0.153205284759
-0.929700447627
0.367733097542
-0.929700447627
0.0207230947028
-0.0683353976402
0.167053768951
0.0366775206704
0.867517809943
0.33494061922
0.367733097542
0.33494061922
0.153205284759
-0.929700447627
-0.367733097542
0.929700447627
0.0207230947028
-0.0683353976402
0.167053768951
0.0366775206704
0.856887878969
0.359561175565
0.369403470345
0.359561175565
0.0966227176137
-0.928105495872
-0.369403470345
0.928105495872
-0.0464894034174
-0.066476596982
0.170919915217
0.0854688536748
-0.856887878969
-0.359561175565
0.369403470345
-0.359561175565
-0.0966227176137
-0.928105495872
0.369403470345
-0.928105495872
-0.0464894034174
-0.066476596982
0.170919915217
0.0854688536748
0.385862591551
-0.843549577569
0.373542729315
0.0483251035991
-0.385862591551
-0.921289718169
0.921289718169
0.373542729315
-0.108125318831
-0.0888211877414
0.152166146749
0.0856930571431
-0.385862591551
0.843549577569
0.373542729315
-0.0483251035991
0.385862591551
-0.921289718169
-0.921289718169
-0.373542729315
-0.108125318831
-0.0888211877414
0.152166146749
0.0856930571431
0.892472815755
0.259866412977
-0.368729874766
0.259866412977
0.371967627835
0.89112823502
0.368729874766
-0.89112823502
0.26444044359
0.0735175468377
-0.170785429444
-0.01189607983
-0.892472815755
-0.259866412977
-0.368729874766
-0.259866412977
-0.371967627835
0.89112823502
-0.368729874766
0.89112823502
0.26444044359
0.0735175468377
-0.170785429444
-0.01189607983
-0.946641473354
-0.215898642598
-0.239285806203
-0.215898642598
-0.126433452989
0.968195413173
-0.239285806203
0.968195413173
0.0730749263431
0.0369969658988
-0.180174314961
0.0748839851136
0.946641473354
0.215898642598
-0.239285806203
0.215898642598
0.126433452989
0.968195413173
0.239285806203
-0.968195413173
0.0730749263431
0.0369969658988
-0.180174314961
0.0748839851136
-0.00982304169578
0.990508121694
-0.137102766967
-0.989834240911
0.00982304169578
0.141886163424
0.141886163424
0.137102766967
0.980342362605
0.0629875979729
-0.0230068647713
-0.125939525884
0.00982304169578
-0.990508121694
-0.137102766967
0.989834240911
-0.00982304169578
0.141886163424
-0.141886163424
-0.137102766967
0.980342362605
0.0629875979729
-0.0230068647713
-0.125939525884
0.262358865959
-0.931479831103
-0.252018153515
-0.0045534862958
-0.262358865959
0.96495963191
-0.96495963191
-0.252018153515
-0.0730736551928
0.0232769483442
-0.193920097665
0.0721168037817
-0.262358865959
0.931479831103
-0.252018153515
0.0045534862958
0.262358865959
0.96495963191
0.96495963191
0.252018153515
-0.0730736551928
0.0232769483442
-0.193920097665
0.0721168037817
-0.298083080853
0.899969889029
0.318120536512
-0.111732235141
0.298083080853
-0.947978050663
-0.947978050663
-0.318120536512
0.0117021241696
-0.098990955347
0.159320733612
0.0766054256453
0.298083080853
-0.899969889029
0.318120536512
0.111732235141
-0.298083080853
-0.947978050663
0.947978050663
0.318120536512
0.0117021241696
-0.098990955347
0.159320733612
0.0766054256453
-0.144959141168
0.306603663632
-0.940734309377
0.306603663632
-0.890056942213
-0.337331933065
-0.940734309377
-0.337331933065
0.0350160833812
0.203008092311
0.0714555841441
0.0503821687786
0.144959141168
-0.306603663632
-0.940734309377
-0.306603663632
0.890056942213
-0.337331933065
0.940734309377
0.337331933065
0.0350160833812
0.203008092311
0.0714555841441
0.0503821687786
-0.994222558268
-0.0162575937226
-0.10609993062
-0.0162575937226
-0.954251489517
0.29856286675
-0.10609993062
0.29856286675
0.948474047784
0.0277352646872
-0.0551205098269
-0.142866133797
0.994222558268
0.0162575937226
-0.10609993062
0.0162575937226
0.954251489517
0.29856286675
0.10609993062
-0.29856286675
0.948474047784
0.0277352646872
-0.0551205098269
-0.142866133797
-0.309570713176
0.902252798843
0.300176382356
-0.0195726801224
0.309570713176
-0.950674962191
-0.950674962191
-0.300176382356
-0.0781745210351
-0.0945032806824
0.146863086594
0.0837664288713
0.309570713176
-0.902252798843
0.300176382356
0.0195726801224
-0.309570713176
-0.950674962191
0.950674962191
0.300176382356
-0.0781745210351
-0.0945032806824
0.146863086594
0.0837664288713
-0.325247034
0.895634490538
0.303402745921
0.0136072124917
0.325247034
-0.945531179096
-0.945531179096
-0.303402745921
-0.117972721953
-0.0756296611479
0.157318416306
0.0920291399785
0.325247034
-0.895634490538
0.303402745921
-0.0136072124917
-0.325247034
-0.945531179096
0.945531179096
0.303402745921
-0.117972721953
-0.0756296611479
0.157318416306
0.0920291399785
0.0275938026485
-0.223599736189
0.974290377676
-0.223599736189
0.948584406229
0.224032993633
-0.974290377676
-0.224032993633
-0.0238217911227
-0.213368089426
-0.0662213829142
0.0593049167193
-0.0275938026485
0.223599736189
0.974290377676
0.223599736189
-0.948584406229
0.224032993633
0.974290377676
0.224032993633
-0.0238217911227
-0.213368089426
-0.0662213829142
0.0593049167193
0.878537083918
0.47350661461
0.0629609251922
0.465977406816
-0.878537083918
0.105060213773
0.105060213773
-0.0629609251922
-0.992470792205
-0.0189890386882
-0.0136667274228
0.26979817908
-0.878537083918
-0.47350661461
0.0629609251922
-0.465977406816
0.878537083918
0.105060213773
-0.105060213773
0.0629609251922
-0.992470792205
-0.0189890386882
-0.0136667274228
0.26979817908
0.850164947055
0.373076012954
-0.371529072023
0.373076012954
0.0710737660814
0.925074487992
0.371529072023
-0.925074487992
-0.0787612868638
0.0722691169315
-0.177956902372
0.0731250600689
-0.850164947055
-0.373076012954
-0.371529072023
-0.373076012954
-0.0710737660814
0.925074487992
-0.371529072023
0.925074487992
-0.0787612868638
0.0722691169315
-0.177956902372
0.0731250600689
0.295955804416
-0.905883599177
0.302960503324
0.0693456464367
-0.295955804416
-0.952681134038
0.952681134038
0.302960503324
-0.0247707543863
-0.0656085703451
0.163848653607
0.0709999610182
-0.295955804416
0.905883599177
0.302960503324
-0.0693456464367
0.295955804416
-0.952681134038
-0.952681134038
-0.302960503324
-0.0247707543863
-0.0656085703451
0.163848653607
0.0709999610182
-0.0571220767041
0.237507906171
-0.969704626605
0.237507906171
-0.940172524884
-0.244265466163
-0.969704626605
-0.244265466163
-0.00270539841199
0.211734945591
0.0654391961674
0.0561232140442
0.0571220767041
-0.237507906171
-0.969704626605
-0.237507906171
0.940172524884
-0.244265466163
0.969704626605
0.244265466163
-0.00270539841199
0.211734945591
0.0654391961674
0.0561232140442
0.946992063156
0.0237948215975
-0.320374528926
0.0237948215975
0.989318702659
0.143813459154
0.320374528926
-0.143813459154
0.936310765815
0.0592354563963
-0.0374616651866
-0.174939883192
-0.946992063156
-0.0237948215975
-0.320374528926
-0.0237948215975
-0.989318702659
0.143813459154
-0.320374528926
0.143813459154
0.936310765815
0.0592354563963
-0.0374616651866
-0.174939883192
0.309958859617
-0.892825887993
-0.326783474299
0.103566217105
-0.309958859617
0.945092346821
-0.945092346821
-0.326783474299
-0.00360789490238
0.0822766704591
-0.17161506717
0.069572211715
-0.309958859617
0.892825887993
-0.326783474299
-0.103566217105
0.309958859617
0.945092346821
0.945092346821
0.326783474299
-0.00360789490238
0.0822766704591
-0.17161506717
0.069572211715
-0.186936437145
0.450705623979
-0.872879836507
0.450705623979
-0.75016029648
-0.483863586249
-0.872879836507
-0.483863586249
-0.0629032663742
0.193282264424
0.110018460452
0.0655655868257
0.186936437145
-0.450705623979
-0.872879836507
-0.450705623979
0.75016029648
-0.483863586249
0.872879836507
0.483863586249
-0.0629032663742
0.193282264424
0.110018460452
0.0655655868257
0.0912656244404
-0.991668359449
0.0909090241027
0.000267215865384
-0.0912656244404
-0.995826548346
0.995826548346
0.0909090241027
-0.00806442468565
-0.0501994884702
0.165093023075
0.076895617755
-0.0912656244404
0.991668359449
0.0909090241027
-0.000267215865384
0.0912656244404
-0.995826548346
-0.995826548346
-0.0909090241027
-0.00806442468565
-0.0501994884702
0.165093023075
0.076895617755
0.19024205345
-0.963300570866
-0.189367291973
0.0138255620192
-0.19024205345
0.981639860098
-0.981639860098
-0.189367291973
-0.0228738671153
0.0728675720369
-0.165545590723
0.0746368401772
-0.19024205345
0.963300570866
-0.189367291973
-0.0138255620192
0.19024205345
0.981639860098
0.981639860098
0.189367291973
-0.0228738671153
0.0728675720369
-0.165545590723
0.0746368401772
-0.0998094340434
0.320099314105
-0.942111726912
0.320099314105
-0.886175689054
-0.335006085377
-0.942111726912
-0.335006085377
-0.0140148769027
0.206799749394
0.0652115421793
0.0578617198211
0.0998094340434
-0.320099314105
-0.942111726912
-0.320099314105
0.886175689054
-0.335006085377
0.942111726912
0.335006085377
-0.0140148769027
0.206799749394
0.0652115421793
0.0578617198211
-0.997819959461
0.00174629206698
-0.0659718043172
0.00174629206698
-0.998601156296
-0.052845823953
-0.0659718043172
-0.052845823953
0.996421115757
0.0162351874281
0.0155764715719
-0.146986741645
0.997819959461
-0.00174629206698
-0.0659718043172
-0.00174629206698
0.998601156296
-0.052845823953
0.0659718043172
0.052845823953
0.996421115757
0.0162351874281
0.0155764715719
-0.146986741645
-0.0963951986751
0.357749017365
0.928829158805
0.357749017365
-0.858362461955
0.367735672027
0.928829158805
0.367735672027
-0.0452423393701
-0.209152868886
-0.0662478434531
0.0725417642911
0.0963951986751
-0.357749017365
0.928829158805
-0.357749017365
0.858362461955
0.367735672027
-0.928829158805
-0.367735672027
-0.0452423393701
-0.209152868886
-0.0662478434531
0.0725417642911
0.0959435727308
-0.340960376882
-0.935168889692
-0.340960376882
0.87140849277
-0.35269428706
0.935168889692
0.35269428706
-0.0326479344992
0.208234903019
0.0722781302782
0.0802247553516
-0.0959435727308
0.340960376882
-0.935168889692
0.340960376882
-0.87140849277
-0.35269428706
-0.935168889692
-0.35269428706
-0.0326479344992
0.208234903019
0.0722781302782
0.0802247553516
0.908818257619
0.282176404656
-0.307287896401
0.282176404656
0.126760234394
0.950951270903
0.307287896401
-0.950951270903
0.035578492013
0.0591357351277
-0.181318364623
0.0578289498978
-0.908818257619
-0.282176404656
-0.307287896401
-0.282176404656
-0.126760234394
0.950951270903
-0.307287896401
0.950951270903
0.035578492013
0.0591357351277
-0.181318364623
0.0578289498978
0.927106198217
-0.363820789064
0.0900473801536
-0.351075118452
-0.927106198217
-0.131226363324
0.131226363324
0.0900473801536
-0.987254329388
-0.0171977746019
0.00106240216581
0.267128849039
-0.927106198217
0.363820789064
0.0900473801536
0.351075118452
0.927106198217
-0.131226363324
-0.131226363324
-0.0900473801536
-0.987254329388
-0.0171977746019
0.00106240216581
0.267128849039
-0.919710111448
-0.257522985053
-0.296336334374
-0.257522985053
-0.174016940035
0.950473574988
-0.296336334374
0.950473574988
0.0937270514823
0.0565243721492
-0.185093955025
0.034134291635
0.919710111448
0.257522985053
-0.296336334374
0.257522985053
0.174016940035
0.950473574988
0.296336334374
-0.950473574988
0.0937270514823
0.0565243721492
-0.185093955025
0.034134291635
0.94532782229
0.214900875455
0.245301696149
0.214900875455
0.15528540831
-0.964211623916
-0.245301696149
0.964211623916
0.1006132306
-0.0452208206346
0.16730851656
-0.00228710750934
-0.94532782229
-0.214900875455
0.245301696149
-0.214900875455
-0.15528540831
-0.964211623916
0.245301696149
-0.964211623916
0.1006132306
-0.0452208206346
0.16730851656
-0.00228710750934
0.924347219639
0.253794528698
0.284904466002
0.253794528698
0.148588293914
-0.955777095412
-0.284904466002
0.955777095412
0.0729355135529
-0.0487387884943
0.172619333431
0.0344984310865
-0.924347219639
-0.253794528698
0.284904466002
-0.253794528698
-0.148588293914
-0.955777095412
0.284904466002
-0.955777095412
0.0729355135529
-0.0487387884943
0.172619333431
0.0344984310865
-0.00018812937268
-0.999947017114
-0.0102921120876
0.999331998239
0.000188129372679
-0.0365447931162
0.0365447931162
-0.0102921120876
0.999279015353
-0.0340003960645
-0.00632459592152
-0.133814759955
0.000188129372679
0.999947017114
-0.0102921120876
-0.999331998239
-0.000188129372679
-0.0365447931162
-0.0365447931162
0.0102921120876
0.999279015353
-0.0340003960645
-0.00632459592152
-0.133814759955
-0.253667421852
0.928183793585
-0.272263997652
-0.104002228451
0.253667421852
0.96168413503
0.96168413503
0.272263997652
0.0321860220361
0.0402291933989
-0.18508813463
0.0622378126292
0.253667421852
-0.928183793585
-0.272263997652
0.104002228451
-0.253667421852
0.96168413503
-0.96168413503
-0.272263997652
0.0321860220361
0.0402291933989
-0.18508813463
0.0622378126292
-0.962876428651
-0.0839352363972
-0.256561609051
-0.0839352363972
-0.810225049663
0.580077792188
-0.256561609051
0.580077792188
0.773101478314
0.0441461184862
-0.114563910628
-0.112504306115
0.962876428651
0.0839352363972
-0.256561609051
0.0839352363972
0.810225049663
0.580077792188
0.256561609051
-0.580077792188
0.773101478314
0.0441461184862
-0.114563910628
-0.112504306115
-0.843843796081
-0.37541549366
0.383393863978
-0.37541549366
-0.0974627370372
-0.921718081633
0.383393863978
-0.921718081633
-0.0586934668821
-0.0721488930147
0.163415129858
0.0989981897723
0.843843796081
0.37541549366
0.383393863978
0.37541549366
0.0974627370372
-0.921718081633
-0.383393863978
0.921718081633
-0.0586934668821
-0.0721488930147
0.163415129858
0.0989981897723
0.255101440879
-0.937860967633
0.235244681667
-0.0472764486203
-0.255101440879
-0.965757833138
0.965757833138
0.235244681667
-0.109415480988
-0.0130475155203
0.180518602321
0.0811347731203
-0.255101440879
0.937860967633
0.235244681667
0.0472764486203
0.255101440879
-0.965757833138
-0.965757833138
-0.235244681667
-0.109415480988
-0.0130475155203
0.180518602321
0.0811347731203
-0.925685373229
-0.251180054987
0.282869527816
-0.251180054987
-0.151022850219
-0.956086125142
0.282869527816
-0.956086125142
0.0767082234479
-0.0609259172601
0.177581753035
0.0711153715862
0.925685373229
0.251180054987
0.282869527816
0.251180054987
0.151022850219
-0.956086125142
-0.282869527816
0.956086125142
0.0767082234479
-0.0609259172601
0.177581753035
0.0711153715862
0.195671516078
-0.963099647726
-0.184801856986
-0.037587444156
-0.195671516078
0.979948897564
-0.979948897564
-0.184801856986
-0.0744877964299
0.0601402093276
-0.183586263852
0.069962723316
-0.195671516078
0.963099647726
-0.184801856986
0.037587444156
0.195671516078
0.979948897564
0.979948897564
0.184801856986
-0.0744877964299
0.0601402093276
-0.183586263852
0.069962723316
-0.34027603062
0.0752822184025
-0.937307212486
0.892318709421
0.34027603062
-0.296613458567
0.296613458567
-0.937307212486
-0.182963508982
0.183505876245
0.0592347644687
0.0898415933986
0.34027603062
-0.0752822184025
-0.937307212486
-0.892318709421
-0.34027603062
-0.296613458567
-0.296613458567
0.937307212486
-0.182963508982
0.183505876245
0.0592347644687
0.0898415933986
